1023189
1095053
1025028
1118286
1089586
1049155
1097039
1045055
1111453
1031503
1063620
1045854
980269
955659
1034918
1017158
1018149
931624
985457
973267
1028708
952932
973315
870241
905545
976156
872292
959278
1015788
967956
966231
1026721
1084120
1010146
983706
939257
935157
906349
877381
879125
884591
838600
843592
827635
847692
780971
840236
871724
819175
810794
819175
796290
754194
736706
737030
734262
741416
747361
687663
747737
782332
732328
653921
737557
674130
723043
696382
730961
925861
866825
788927
748552
827665
782094
706974
804907
728111
724471
864307
779018
665806
819792
791877
786352
762394
695798
715145
741655
695798
729594
757495
785829
756927
781213
772816
789694
661743
659444
691992
744627
665970
784260
758421
709095
688832
749220
737592
711857
748727
705288
806126
786194
828992
812141
772098
812879
835114
744607
756927
768745
737945
785790
727429
764381
757909
789348
769832
785790
794394
816464
795271
691730
724128
707794
744607
781526
758861
866825
797214
756638
798667
754386
697154
658471
694629
749467
736994
743549
766494
691730
715928
658972
697750
686980
667621
634357
630590
661180
635446
600792
592541
608356
574928
590749
619365
559767
538554
544680
535515
524943
538517
501049
605746
767655
834825
775517
715129
830578
787560
817820
797127
834882
796827
802909
728563
689624
677816
781558
643992
693879
724048
751680
727217
781549
753855
781213
783497
835547
793126
823715
794479
800790
741675
826625
807752
792349
801550
835573
801227
800194
798543
832092
750278
793897
805386
830725
796957
802593
789634
830725
763588
762961
787429
709149
701176
539413
1008483
726194
681616
585920
601786
502818
519026
648963
952923
1028088
1030022
1040421
1092320
998589
1003489
978889
1006425
957023
982989
900425
967850
909608
868974
876119
891026
929690
884635
978889
992555
987778
990006
931057
911874
933988
1004855
933130
911237
998022
989822
994636
1052687
984356
1032563
1014989
1020349
996655
926531
934314
1015788
1007588
1012206
951556
902088
1048587
1075992
997717
1023901
1074553
1081239
1106297
981622
978573
946090
910557
978889
1067720
952124
1049954
1039348
1029493
1070563
1084120
1045876
1120036
1058721
1051849
1038237
971993
1002122
1058598
1044892
1089586
1092597
1081954
1092459
919914
925861
1064987
1049954
965514
999389
1043121
998022
920338
982749
938458
905946
1043121
965141
918563
921381
933791
925349
924224
1000849
1060091
1058154
920124
958831
729465
636800
592665
661180
629830
509776
599438
586685
582622
577788
578923
536769
602939
581267
609711
576412
625964
528405
696955
837473
918757
935157
928063
902355
904193
874762
865797
835753
841885
793125
929261
972056
928489
890058
834089
824460
946090
839849
781727
748675
725935
695042
685560
652412
744123
739946
815588
775517
857259
988456
891421
840859
815421
856222
758861
783461
782849
767860
761594
829926
843357
812160
911778
947457
795193
507977
623267
906458
1021189
1028926
944343
909191
1019888
991189
1027659
958274
1041526
1023988
1010322
973990
976735
982989
985457
994073
950190
949895
974789
1008955
974206
1003848
983383
964767
1005421
1018521
1029455
999180
985722
999389
962451
1009420
1013908
1006222
1022224
967716
1012543
1015273
1001847
982507
840757
979635
808007
869908
846741
726981
799600
765736
730162
763427
833855
905946
963856
730486
661830
677610
687814
682607
721455
703370
688407
728795
769565
818653
769804
862202
813214
837135
841323
879125
911370
921491
788927
744849
800926
873214
847692
861359
869558
832036
780447
825714
778975
790992
854525
974789
751546
730961
731466
800659
755706
668096
648345
698162
641426
650330
656071
622167
595598
572781
642130
678788
674425
614227
559883
539632
561011
515301
531152
554178
578636
544381
583365
629200
608480
537370
651056
549721
546419
549624
537553
544259
524482
542589
518186
578714
651549
729693
793125
792460
775779
739250
731864
690375
713195
662999
728228
684951
702262
756128
818426
762753
763327
803957
860791
801852
823093
763588
852158
787560
752741
762871
740300
820214
758789
712662
744123
712860
613887
541566
574569
711828
812160
764944
803106
648345
723043
697349
743561
698531
722792
664563
684206
652261
683129
652409
667928
628673
570432
576447
611628
702060
732404
681762
659349
848492
763327
729693
640824
731528
732024
694442
752827
712396
808071
761594
782289
715572
682330
765473
829926
755706
787560
810478
788927
726062
809916
770593
737828
703011
778793
778501
644719
654997
807019
741095
755453
814234
842226
820360
790821
826463
785626
735116
787433
818426
776627
777421
831842
774162
725402
739161
730162
766000
781812
780135
747838
796626
801227
796127
834026
889491
840519
790500
791660
787145
813526
844936
894158
838492
834027
815901
728567
774434
848095
858625
931057
949833
946657
984356
947457
801550
839383
946620
856575
738710
728337
692503
739421
819309
996655
896849
804508
836192
656499
790920
741895
724695
765736
738362
776583
751357
751461
720202
755560
773894
778778
831293
819651
773894
846635
838533
839176
893744
877758
872719
926531
860922
791660
790704
806669
786993
705561
805603
808859
787992
908782
936868
1051321
967090
1048587
965223
1093914
1112776
1003332
1130585
1059012
1108719
1030291
1005424
1087432
1019833
963856
912725
937618
861563
832075
830022
817626
974789
1006222
929847
872292
988456
1023189
1018521
967885
944723
1016838
1109477
1069087
1000556
1018521
1140152
1058913
1176375
1048607
1119034
1077277
1194124
1057355
1122874
1144176
1144412
1218050
1099033
1093686
1036666
1000755
958823
1018521
1054222
1058154
1052136
1092050
905113
1139513
1024668
1131953
1107920
1118286
1086638
1151085
1116120
1153818
1096987
1163385
1066026
1124495
1051337
1102974
1094672
1085487
1101285
1102939
1135719
1134052
1120220
1140152
1022320
879924
834026
1070451
1131531
1057355
1111597
1015944
978367
1043121
1010322
1041754
966627
1004852
899281
876392
883278
869558
872844
788927
848920
858849
843592
835393
844373
876392
892791
872794
1023465
880563
783363
868192
990006
1011688
917091
941675
929925
855700
752827
725625
877758
1024738
920860
917391
981622
948421
996655
994636
977522
961077
965602
951556
991189
953056
939406
1051321
1080269
1001323
967421
963836
773097
981142
1081421
974789
959756
957127
931057
925590
937890
944723
884040
818859
860791
903117
1056486
1078076
938921
872292
880492
874651
942953
881858
821568
901956
840859
874521
883225
936523
957023
967421
904687
879583
831293
832590
922857
863563
874869
921491
1019369
906753
812161
875556
786352
856784
948823
918149
876392
975092
945706
907824
909191
840868
843592
895524
977522
892199
834026
799860
808635
862158
876492
840859
876392
896849
856431
934418
941990
891033
706440
712650
743828
843580
888124
899050
920124
930351
905091
865794
894537
897860
858625
899624
874521
842226
887324
941635
951556
1007631
949391
885429
838126
869706
880492
832659
777994
831143
803663
808060
798838
831293
864736
778793
787560
828540
777062
849858
947457
862725
833394
879125
831293
890063
876866
873904
1010322
1127852
892399
1020456
980256
979298
906052
953849
906899
842226
880492
1089586
894526
903724
888691
956111
909191
877849
863556
843250
894158
879125
845964
866825
663662
574366
724128
666598
701463
789923
795193
795760
824599
872292
955206
760228
943357
959756
1002122
875508
922857
825826
881858
887325
986511
887325
982749
1056787
1025922
942073
1022621
1073187
1096987
1013055
1043121
1066355
1059211
866825
989822
1003270
1058154
928570
921278
1112819
1009522
1051321
1045854
936382
872292
943836
886861
887340
879623
842226
948823
928712
935157
894158
885429
907518
1012543
937563
929690
1075920
1024555
1070454
990107
877739
750680
853070
851718
893590
788927
783130
899624
863917
781252
763760
697166
817887
821568
739728
733429
783461
785283
773891
722693
843025
778778
780727
745994
736463
743260
739161
707728
704135
696202
706440
631538
681677
633131
638154
631512
654970
631066
645132
603501
608803
654561
661830
672186
648990
587362
570432
565819
533529
585246
598180
628464
674898
674130
678335
698729
722351
694057
745399
728795
714414
693675
610273
602293
577258
652110
645475
637481
545600
571639
628166
679079
669869
715358
668515
743802
730162
637357
752827
633431
573765
662629
734028
730350
621630
539456
745719
841658
777994
768428
860564
863524
858625
832659
864640
803960
756500
642780
679029
642923
684496
658628
661743
599226
584082
546466
550965
562867
547706
541617
573141
678788
708296
719384
743561
710712
827992
790291
726759
685060
868777
766797
691921
728903
544054
665806
809318
806107
618580
653053
687297
720075
694629
714216
717275
730731
657992
717295
718041
762764
720595
742688
675287
766254
776060
795760
774706
786993
747318
742577
795193
713804
773871
654970
714561
697154
716713
716135
745751
743802
691541
759401
743251
790992
725495
668119
601491
524212
700895
717862
721214
674130
699302
705357
737500
704196
732918
723264
685939
669643
696396
653630
704995
660472
667952
607002
686123
747236
647596
734812
893287
802026
713423
748482
739658
754761
825391
748428
794100
773054
779332
828559
865273
771362
776583
701777
673522
672578
766494
717862
1023189
1095053
1025028
1118286
1089586
1049155
1097039
1045055
1111453
1031503
1063620
1045854
980269
955659
1034918
1017158
1018149
931624
985457
973267
1028708
952932
973315
870241
905545
976156
872292
959278
1015788
967956
966231
1026721
1084120
1010146
983706
939257
935157
906349
877381
879125
884591
838600
843592
827635
847692
780971
840236
871724
819175
810794
819175
796290
754194
736706
737030
734262
741416
747361
687663
747737
782332
732328
653921
737557
674130
723043
696382
730961
925861
866825
788927
748552
827665
782094
706974
804907
728111
724471
864307
779018
665806
819792
791877
786352
762394
695798
715145
741655
695798
729594
757495
785829
756927
781213
772816
789694
661743
659444
691992
744627
665970
784260
758421
709095
688832
749220
737592
711857
748727
705288
806126
786194
828992
812141
772098
812879
835114
744607
756927
768745
737945
785790
727429
764381
757909
789348
769832
785790
794394
816464
795271
691730
724128
707794
744607
781526
758861
866825
797214
756638
798667
754386
697154
658471
694629
749467
736994
743549
766494
691730
715928
658972
697750
686980
667621
634357
630590
661180
635446
600792
592541
608356
574928
590749
619365
559767
538554
544680
535515
524943
538517
501049
605746
767655
834825
775517
715129
830578
787560
817820
797127
834882
796827
802909
728563
689624
677816
781558
643992
693879
724048
751680
727217
781549
753855
781213
783497
835547
793126
823715
794479
800790
741675
826625
807752
792349
801550
835573
801227
800194
798543
832092
750278
793897
805386
830725
796957
802593
789634
830725
763588
762961
787429
709149
701176
539413
1008483
726194
681616
585920
601786
502818
519026
648963
952923
1028088
1030022
1040421
1092320
998589
1003489
978889
1006425
957023
982989
900425
967850
909608
868974
876119
891026
929690
884635
978889
992555
987778
990006
931057
911874
933988
1004855
933130
911237
998022
989822
994636
1052687
984356
1032563
1014989
1020349
996655
926531
934314
1015788
1007588
1012206
951556
902088
1048587
1075992
997717
1023901
1074553
1081239
1106297
981622
978573
946090
910557
978889
1067720
952124
1049954
1039348
1029493
1070563
1084120
1045876
1120036
1058721
1051849
1038237
971993
1002122
1058598
1044892
1089586
1092597
1081954
1092459
919914
925861
1064987
1049954
965514
999389
1043121
998022
920338
982749
938458
905946
1043121
965141
918563
921381
933791
925349
924224
1000849
1060091
1058154
920124
958831
729465
636800
592665
661180
629830
509776
599438
586685
582622
577788
578923
536769
602939
581267
609711
576412
625964
528405
696955
837473
918757
935157
928063
902355
904193
874762
865797
835753
841885
793125
929261
972056
928489
890058
834089
824460
946090
839849
781727
748675
725935
695042
685560
652412
744123
739946
815588
775517
857259
988456
891421
840859
815421
856222
758861
783461
782849
767860
761594
829926
843357
812160
911778
947457
795193
507977
623267
906458
1021189
1028926
944343
909191
1019888
991189
1027659
958274
1041526
1023988
1010322
973990
976735
982989
985457
994073
950190
949895
974789
1008955
974206
1003848
983383
964767
1005421
1018521
1029455
999180
985722
999389
962451
1009420
1013908
1006222
1022224
967716
1012543
1015273
1001847
982507
840757
979635
808007
869908
846741
726981
799600
765736
730162
763427
833855
905946
963856
730486
661830
677610
687814
682607
721455
703370
688407
728795
769565
818653
769804
862202
813214
837135
841323
879125
911370
921491
788927
744849
800926
873214
847692
861359
869558
832036
780447
825714
778975
790992
854525
974789
751546
730961
731466
800659
755706
668096
648345
698162
641426
650330
656071
622167
595598
572781
642130
678788
674425
614227
559883
539632
561011
515301
531152
554178
578636
544381
583365
629200
608480
537370
651056
549721
546419
549624
537553
544259
524482
542589
518186
578714
651549
729693
793125
792460
775779
739250
731864
690375
713195
662999
728228
684951
702262
756128
818426
762753
763327
803957
860791
801852
823093
763588
852158
787560
752741
762871
740300
820214
758789
712662
744123
712860
613887
541566
574569
711828
812160
764944
803106
648345
723043
697349
743561
698531
722792
664563
684206
652261
683129
652409
667928
628673
570432
576447
611628
702060
732404
681762
659349
848492
763327
729693
640824
731528
732024
694442
752827
712396
808071
761594
782289
715572
682330
765473
829926
755706
787560
810478
788927
726062
809916
770593
737828
703011
778793
778501
644719
654997
807019
741095
755453
814234
842226
820360
790821
826463
785626
735116
787433
818426
776627
777421
831842
774162
725402
739161
730162
766000
781812
780135
747838
796626
801227
796127
834026
889491
840519
790500
791660
787145
813526
844936
894158
838492
834027
815901
728567
774434
848095
858625
931057
949833
946657
984356
947457
801550
839383
946620
856575
738710
728337
692503
739421
819309
996655
896849
804508
836192
656499
790920
741895
724695
765736
738362
776583
751357
751461
720202
755560
773894
778778
831293
819651
773894
846635
838533
839176
893744
877758
872719
926531
860922
791660
790704
806669
786993
705561
805603
808859
787992
908782
936868
1051321
967090
1048587
965223
1093914
1112776
1003332
1130585
1059012
1108719
1030291
1005424
1087432
1019833
963856
912725
937618
861563
832075
830022
817626
974789
1006222
929847
872292
988456
1023189
1018521
967885
944723
1016838
1109477
1069087
1000556
1018521
1140152
1058913
1176375
1048607
1119034
1077277
1194124
1057355
1122874
1144176
1144412
1218050
1099033
1093686
1036666
1000755
958823
1018521
1054222
1058154
1052136
1092050
905113
1139513
1024668
1131953
1107920
1118286
1086638
1151085
1116120
1153818
1096987
1163385
1066026
1124495
1051337
1102974
1094672
1085487
1101285
1102939
1135719
1134052
1120220
1140152
1022320
879924
834026
1070451
1131531
1057355
1111597
1015944
978367
1043121
1010322
1041754
966627
1004852
899281
876392
883278
869558
872844
788927
848920
858849
843592
835393
844373
876392
892791
872794
1023465
880563
783363
868192
990006
1011688
917091
941675
929925
855700
752827
725625
877758
1024738
920860
917391
981622
948421
996655
994636
977522
961077
965602
951556
991189
953056
939406
1051321
1080269
1001323
967421
963836
773097
981142
1081421
974789
959756
957127
931057
925590
937890
944723
884040
818859
860791
903117
1056486
1078076
938921
872292
880492
874651
942953
881858
821568
901956
840859
874521
883225
936523
957023
967421
904687
879583
831293
832590
922857
863563
874869
921491
1019369
906753
812161
875556
786352
856784
948823
918149
876392
975092
945706
907824
909191
840868
843592
895524
977522
892199
834026
799860
808635
862158
876492
840859
876392
896849
856431
934418
941990
891033
706440
712650
743828
843580
888124
899050
920124
930351
905091
865794
894537
897860
858625
899624
874521
842226
887324
941635
951556
1007631
949391
885429
838126
869706
880492
832659
777994
831143
803663
808060
798838
831293
864736
778793
787560
828540
777062
849858
947457
862725
833394
879125
831293
890063
876866
873904
1010322
1127852
892399
1020456
980256
979298
906052
953849
906899
842226
880492
1089586
894526
903724
888691
956111
909191
877849
863556
843250
894158
879125
845964
866825
663662
574366
724128
666598
701463
789923
795193
795760
824599
872292
955206
760228
943357
959756
1002122
875508
922857
825826
881858
887325
986511
887325
982749
1056787
1025922
942073
1022621
1073187
1096987
1013055
1043121
1066355
1059211
866825
989822
1003270
1058154
928570
921278
1112819
1009522
1051321
1045854
936382
872292
943836
886861
887340
879623
842226
948823
928712
935157
894158
885429
907518
1012543
937563
929690
1075920
1024555
1070454
990107
877739
750680
853070
851718
893590
788927
783130
899624
863917
781252
763760
697166
817887
821568
739728
733429
783461
785283
773891
722693
843025
778778
780727
745994
736463
743260
739161
707728
704135
696202
706440
631538
681677
633131
638154
631512
654970
631066
645132
603501
608803
654561
661830
672186
648990
587362
570432
565819
533529
585246
598180
628464
674898
674130
678335
698729
722351
694057
745399
728795
714414
693675
610273
602293
577258
652110
645475
637481
545600
571639
628166
679079
669869
715358
668515
743802
730162
637357
752827
633431
573765
662629
734028
730350
621630
539456
745719
841658
777994
768428
860564
863524
858625
832659
864640
803960
756500
642780
679029
642923
684496
658628
661743
599226
584082
546466
550965
562867
547706
541617
573141
678788
708296
719384
743561
710712
827992
790291
726759
685060
868777
766797
691921
728903
544054
665806
809318
806107
618580
653053
687297
720075
694629
714216
717275
730731
657992
717295
718041
762764
720595
742688
675287
766254
776060
795760
774706
786993
747318
742577
795193
713804
773871
654970
714561
697154
716713
716135
745751
743802
691541
759401
743251
790992
725495
668119
601491
524212
700895
717862
721214
674130
699302
705357
737500
704196
732918
723264
685939
669643
696396
653630
704995
660472
667952
607002
686123
747236
647596
734812
893287
802026
713423
748482
739658
754761
825391
748428
794100
773054
779332
828559
865273
771362
776583
701777
673522
672578
766494
717862
1023189
1095053
1025028
1118286
1089586
1049155
1097039
1045055
1111453
1031503
1063620
1045854
980269
955659
1034918
1017158
1018149
931624
985457
973267
1028708
952932
973315
870241
905545
976156
872292
959278
1015788
967956
966231
1026721
1084120
1010146
983706
939257
935157
906349
877381
879125
884591
838600
843592
827635
847692
780971
840236
871724
819175
810794
819175
796290
754194
736706
737030
734262
741416
747361
687663
747737
782332
732328
653921
737557
674130
723043
696382
730961
925861
866825
788927
748552
827665
782094
706974
804907
728111
724471
864307
779018
665806
819792
791877
786352
762394
695798
715145
741655
695798
729594
757495
785829
756927
781213
772816
789694
661743
659444
691992
744627
665970
784260
758421
709095
688832
749220
737592
711857
748727
705288
806126
786194
828992
812141
772098
812879
835114
744607
756927
768745
737945
785790
727429
764381
757909
789348
769832
785790
794394
816464
795271
691730
724128
707794
744607
781526
758861
866825
797214
756638
798667
754386
697154
658471
694629
749467
736994
743549
766494
691730
715928
658972
697750
686980
667621
634357
630590
661180
635446
600792
592541
608356
574928
590749
619365
559767
538554
544680
535515
524943
538517
501049
605746
767655
834825
775517
715129
830578
787560
817820
797127
834882
796827
802909
728563
689624
677816
781558
643992
693879
724048
751680
727217
781549
753855
781213
783497
835547
793126
823715
794479
800790
741675
826625
807752
792349
801550
835573
801227
800194
798543
832092
750278
793897
805386
830725
796957
802593
789634
830725
763588
762961
787429
709149
701176
539413
1008483
726194
681616
585920
601786
502818
519026
648963
952923
1028088
1030022
1040421
1092320
998589
1003489
978889
1006425
957023
982989
900425
967850
909608
868974
876119
891026
929690
884635
978889
992555
987778
990006
931057
911874
933988
1004855
933130
911237
998022
989822
994636
1052687
984356
1032563
1014989
1020349
996655
926531
934314
1015788
1007588
1012206
951556
902088
1048587
1075992
997717
1023901
1074553
1081239
1106297
981622
978573
946090
910557
978889
1067720
952124
1049954
1039348
1029493
1070563
1084120
1045876
1120036
1058721
1051849
1038237
971993
1002122
1058598
1044892
1089586
1092597
1081954
1092459
919914
925861
1064987
1049954
965514
999389
1043121
998022
920338
982749
938458
905946
1043121
965141
918563
921381
933791
925349
924224
1000849
1060091
1058154
920124
958831
729465
636800
592665
661180
629830
509776
599438
586685
582622
577788
578923
536769
602939
581267
609711
576412
625964
528405
696955
837473
918757
935157
928063
902355
904193
874762
865797
835753
841885
793125
929261
972056
928489
890058
834089
824460
946090
839849
781727
748675
725935
695042
685560
652412
744123
739946
815588
775517
857259
988456
891421
840859
815421
856222
758861
783461
782849
767860
761594
829926
843357
812160
911778
947457
795193
507977
623267
906458
1021189
1028926
944343
909191
1019888
991189
1027659
958274
1041526
1023988
1010322
973990
976735
982989
985457
994073
950190
949895
974789
1008955
974206
1003848
983383
964767
1005421
1018521
1029455
999180
985722
999389
962451
1009420
1013908
1006222
1022224
967716
1012543
1015273
1001847
982507
840757
979635
808007
869908
846741
726981
799600
765736
730162
763427
833855
905946
963856
730486
661830
677610
687814
682607
721455
703370
688407
728795
769565
818653
769804
862202
813214
837135
841323
879125
911370
921491
788927
744849
800926
873214
847692
861359
869558
832036
780447
825714
778975
790992
854525
974789
751546
730961
731466
800659
755706
668096
648345
698162
641426
650330
656071
622167
595598
572781
642130
678788
674425
614227
559883
539632
561011
515301
531152
554178
578636
544381
583365
629200
608480
537370
651056
549721
546419
549624
537553
544259
524482
542589
518186
578714
651549
729693
793125
792460
775779
739250
731864
690375
713195
662999
728228
684951
702262
756128
818426
762753
763327
803957
860791
801852
823093
763588
852158
787560
752741
762871
740300
820214
758789
712662
744123
712860
613887
541566
574569
711828
812160
764944
803106
648345
723043
697349
743561
698531
722792
664563
684206
652261
683129
652409
667928
628673
570432
576447
611628
702060
732404
681762
659349
848492
763327
729693
640824
731528
732024
694442
752827
712396
808071
761594
782289
715572
682330
765473
829926
755706
787560
810478
788927
726062
809916
770593
737828
703011
778793
778501
644719
654997
807019
741095
755453
814234
842226
820360
790821
826463
785626
735116
787433
818426
776627
777421
831842
774162
725402
739161
730162
766000
781812
780135
747838
796626
801227
796127
834026
889491
840519
790500
791660
787145
813526
844936
894158
838492
834027
815901
728567
774434
848095
858625
931057
949833
946657
984356
947457
801550
839383
946620
856575
738710
728337
692503
739421
819309
996655
896849
804508
836192
656499
790920
741895
724695
765736
738362
776583
751357
751461
720202
755560
773894
778778
831293
819651
773894
846635
838533
839176
893744
877758
872719
926531
860922
791660
790704
806669
786993
705561
805603
808859
787992
908782
936868
1051321
967090
1048587
965223
1093914
1112776
1003332
1130585
1059012
1108719
1030291
1005424
1087432
1019833
963856
912725
937618
861563
832075
830022
817626
974789
1006222
929847
872292
988456
1023189
1018521
967885
944723
1016838
1109477
1069087
1000556
1018521
1140152
1058913
1176375
1048607
1119034
1077277
1194124
1057355
1122874
1144176
1144412
1218050
1099033
1093686
1036666
1000755
958823
1018521
1054222
1058154
1052136
1092050
905113
1139513
1024668
1131953
1107920
1118286
1086638
1151085
1116120
1153818
1096987
1163385
1066026
1124495
1051337
1102974
1094672
1085487
1101285
1102939
1135719
1134052
1120220
1140152
1022320
879924
834026
1070451
1131531
1057355
1111597
1015944
978367
1043121
1010322
1041754
966627
1004852
899281
876392
883278
869558
872844
788927
848920
858849
843592
835393
844373
876392
892791
872794
1023465
880563
783363
868192
990006
1011688
917091
941675
929925
855700
752827
725625
877758
1024738
920860
917391
981622
948421
996655
994636
977522
961077
965602
951556
991189
953056
939406
1051321
1080269
1001323
967421
963836
773097
981142
1081421
974789
959756
957127
931057
925590
937890
944723
884040
818859
860791
903117
1056486
1078076
938921
872292
880492
874651
942953
881858
821568
901956
840859
874521
883225
936523
957023
967421
904687
879583
831293
832590
922857
863563
874869
921491
1019369
906753
812161
875556
786352
856784
948823
918149
876392
975092
945706
907824
909191
840868
843592
895524
977522
892199
834026
799860
808635
862158
876492
840859
876392
896849
856431
934418
941990
891033
706440
712650
743828
843580
888124
899050
920124
930351
905091
865794
894537
897860
858625
899624
874521
842226
887324
941635
951556
1007631
949391
885429
838126
869706
880492
832659
777994
831143
803663
808060
798838
831293
864736
778793
787560
828540
777062
849858
947457
862725
833394
879125
831293
890063
876866
873904
1010322
1127852
892399
1020456
980256
979298
906052
953849
906899
842226
880492
1089586
894526
903724
888691
956111
909191
877849
863556
843250
894158
879125
845964
866825
663662
574366
724128
666598
701463
789923
795193
795760
824599
872292
955206
760228
943357
959756
1002122
875508
922857
825826
881858
887325
986511
887325
982749
1056787
1025922
942073
1022621
1073187
1096987
1013055
1043121
1066355
1059211
866825
989822
1003270
1058154
928570
921278
1112819
1009522
1051321
1045854
936382
872292
943836
886861
887340
879623
842226
948823
928712
935157
894158
885429
907518
1012543
937563
929690
1075920
1024555
1070454
990107
877739
750680
853070
851718
893590
788927
783130
899624
863917
781252
763760
697166
817887
821568
739728
733429
783461
785283
773891
722693
843025
778778
780727
745994
736463
743260
739161
707728
704135
696202
706440
631538
681677
633131
638154
631512
654970
631066
645132
603501
608803
654561
661830
672186
648990
587362
570432
565819
533529
585246
598180
628464
674898
674130
678335
698729
722351
694057
745399
728795
714414
693675
610273
602293
577258
652110
645475
637481
545600
571639
628166
679079
669869
715358
668515
743802
730162
637357
752827
633431
573765
662629
734028
730350
621630
539456
745719
841658
777994
768428
860564
863524
858625
832659
864640
803960
756500
642780
679029
642923
684496
658628
661743
599226
584082
546466
550965
562867
547706
541617
573141
678788
708296
719384
743561
710712
827992
790291
726759
685060
868777
766797
691921
728903
544054
665806
809318
806107
618580
653053
687297
720075
694629
714216
717275
730731
657992
717295
718041
762764
720595
742688
675287
766254
776060
795760
774706
786993
747318
742577
795193
713804
773871
654970
714561
697154
716713
716135
745751
743802
691541
759401
743251
790992
725495
668119
601491
524212
700895
717862
721214
674130
699302
705357
737500
704196
732918
723264
685939
669643
696396
653630
704995
660472
667952
607002
686123
747236
647596
734812
893287
802026
713423
748482
739658
754761
825391
748428
794100
773054
779332
828559
865273
771362
776583
701777
673522
672578
766494
717862
1023189
1095053
1025028
1118286
1089586
1049155
1097039
1045055
1111453
1031503
1063620
1045854
980269
955659
1034918
1017158
1018149
931624
985457
973267
1028708
952932
973315
870241
905545
976156
872292
959278
1015788
967956
966231
1026721
1084120
1010146
983706
939257
935157
906349
877381
879125
884591
838600
843592
827635
847692
780971
840236
871724
819175
810794
819175
796290
754194
736706
737030
734262
741416
747361
687663
747737
782332
732328
653921
737557
674130
723043
696382
730961
925861
866825
788927
748552
827665
782094
706974
804907
728111
724471
864307
779018
665806
819792
791877
786352
762394
695798
715145
741655
695798
729594
757495
785829
756927
781213
772816
789694
661743
659444
691992
744627
665970
784260
758421
709095
688832
749220
737592
711857
748727
705288
806126
786194
828992
812141
772098
812879
835114
744607
756927
768745
737945
785790
727429
764381
757909
789348
769832
785790
794394
816464
795271
691730
724128
707794
744607
781526
758861
866825
797214
756638
798667
754386
697154
658471
694629
749467
736994
743549
766494
691730
715928
658972
697750
686980
667621
634357
630590
661180
635446
600792
592541
608356
574928
590749
619365
559767
538554
544680
535515
524943
538517
501049
605746
767655
834825
775517
715129
830578
787560
817820
797127
834882
796827
802909
728563
689624
677816
781558
643992
693879
724048
751680
727217
781549
753855
781213
783497
835547
793126
823715
794479
800790
741675
826625
807752
792349
801550
835573
801227
800194
798543
832092
750278
793897
805386
830725
796957
802593
789634
830725
763588
762961
787429
709149
701176
539413
1008483
726194
681616
585920
601786
502818
519026
648963
952923
1028088
1030022
1040421
1092320
998589
1003489
978889
1006425
957023
982989
900425
967850
909608
868974
876119
891026
929690
884635
978889
992555
987778
990006
931057
911874
933988
1004855
933130
911237
998022
989822
994636
1052687
984356
1032563
1014989
1020349
996655
926531
934314
1015788
1007588
1012206
951556
902088
1048587
1075992
997717
1023901
1074553
1081239
1106297
981622
978573
946090
910557
978889
1067720
952124
1049954
1039348
1029493
1070563
1084120
1045876
1120036
1058721
1051849
1038237
971993
1002122
1058598
1044892
1089586
1092597
1081954
1092459
919914
925861
1064987
1049954
965514
999389
1043121
998022
920338
982749
938458
905946
1043121
965141
918563
921381
933791
925349
924224
1000849
1060091
1058154
920124
958831
729465
636800
592665
661180
629830
509776
599438
586685
582622
577788
578923
536769
602939
581267
609711
576412
625964
528405
696955
837473
918757
935157
928063
902355
904193
874762
865797
835753
841885
793125
929261
972056
928489
890058
834089
824460
946090
839849
781727
748675
725935
695042
685560
652412
744123
739946
815588
775517
857259
988456
891421
840859
815421
856222
758861
783461
782849
767860
761594
829926
843357
812160
911778
947457
795193
507977
623267
906458
1021189
1028926
944343
909191
1019888
991189
1027659
958274
1041526
1023988
1010322
973990
976735
982989
985457
994073
950190
949895
974789
1008955
974206
1003848
983383
964767
1005421
1018521
1029455
999180
985722
999389
962451
1009420
1013908
1006222
1022224
967716
1012543
1015273
1001847
982507
840757
979635
808007
869908
846741
726981
799600
765736
730162
763427
833855
905946
963856
730486
661830
677610
687814
682607
721455
703370
688407
728795
769565
818653
769804
862202
813214
837135
841323
879125
911370
921491
788927
744849
800926
873214
847692
861359
869558
832036
780447
825714
778975
790992
854525
974789
751546
730961
731466
800659
755706
668096
648345
698162
641426
650330
656071
622167
595598
572781
642130
678788
674425
614227
559883
539632
561011
515301
531152
554178
578636
544381
583365
629200
608480
537370
651056
549721
546419
549624
537553
544259
524482
542589
518186
578714
651549
729693
793125
792460
775779
739250
731864
690375
713195
662999
728228
684951
702262
756128
818426
762753
763327
803957
860791
801852
823093
763588
852158
787560
752741
762871
740300
820214
758789
712662
744123
712860
613887
541566
574569
711828
812160
764944
803106
648345
723043
697349
743561
698531
722792
664563
684206
652261
683129
652409
667928
628673
570432
576447
611628
702060
732404
681762
659349
848492
763327
729693
640824
731528
732024
694442
752827
712396
808071
761594
782289
715572
682330
765473
829926
755706
787560
810478
788927
726062
809916
770593
737828
703011
778793
778501
644719
654997
807019
741095
755453
814234
842226
820360
790821
826463
785626
735116
787433
818426
776627
777421
831842
774162
725402
739161
730162
766000
781812
780135
747838
796626
801227
796127
834026
889491
840519
790500
791660
787145
813526
844936
894158
838492
834027
815901
728567
774434
848095
858625
931057
949833
946657
984356
947457
801550
839383
946620
856575
738710
728337
692503
739421
819309
996655
896849
804508
836192
656499
790920
741895
724695
765736
738362
776583
751357
751461
720202
755560
773894
778778
831293
819651
773894
846635
838533
839176
893744
877758
872719
926531
860922
791660
790704
806669
786993
705561
805603
808859
787992
908782
936868
1051321
967090
1048587
965223
1093914
1112776
1003332
1130585
1059012
1108719
1030291
1005424
1087432
1019833
963856
912725
937618
861563
832075
830022
817626
974789
1006222
929847
872292
988456
1023189
1018521
967885
944723
1016838
1109477
1069087
1000556
1018521
1140152
1058913
1176375
1048607
1119034
1077277
1194124
1057355
1122874
1144176
1144412
1218050
1099033
1093686
1036666
1000755
958823
1018521
1054222
1058154
1052136
1092050
905113
1139513
1024668
1131953
1107920
1118286
1086638
1151085
1116120
1153818
1096987
1163385
1066026
1124495
1051337
1102974
1094672
1085487
1101285
1102939
1135719
1134052
1120220
1140152
1022320
879924
834026
1070451
1131531
1057355
1111597
1015944
978367
1043121
1010322
1041754
966627
1004852
899281
876392
883278
869558
872844
788927
848920
858849
843592
835393
844373
876392
892791
872794
1023465
880563
783363
868192
990006
1011688
917091
941675
929925
855700
752827
725625
877758
1024738
920860
917391
981622
948421
996655
994636
977522
961077
965602
951556
991189
953056
939406
1051321
1080269
1001323
967421
963836
773097
981142
1081421
974789
959756
957127
931057
925590
937890
944723
884040
818859
860791
903117
1056486
1078076
938921
872292
880492
874651
942953
881858
821568
901956
840859
874521
883225
936523
957023
967421
904687
879583
831293
832590
922857
863563
874869
921491
1019369
906753
812161
875556
786352
856784
948823
918149
876392
975092
945706
907824
909191
840868
843592
895524
977522
892199
834026
799860
808635
862158
876492
840859
876392
896849
856431
934418
941990
891033
706440
712650
743828
843580
888124
899050
920124
930351
905091
865794
894537
897860
858625
899624
874521
842226
887324
941635
951556
1007631
949391
885429
838126
869706
880492
832659
777994
831143
803663
808060
798838
831293
864736
778793
787560
828540
777062
849858
947457
862725
833394
879125
831293
890063
876866
873904
1010322
1127852
892399
1020456
980256
979298
906052
953849
906899
842226
880492
1089586
894526
903724
888691
956111
909191
877849
863556
843250
894158
879125
845964
866825
663662
574366
724128
666598
701463
789923
795193
795760
824599
872292
955206
760228
943357
959756
1002122
875508
922857
825826
881858
887325
986511
887325
982749
1056787
1025922
942073
1022621
1073187
1096987
1013055
1043121
1066355
1059211
866825
989822
1003270
1058154
928570
921278
1112819
1009522
1051321
1045854
936382
872292
943836
886861
887340
879623
842226
948823
928712
935157
894158
885429
907518
1012543
937563
929690
1075920
1024555
1070454
990107
877739
750680
853070
851718
893590
788927
783130
899624
863917
781252
763760
697166
817887
821568
739728
733429
783461
785283
773891
722693
843025
778778
780727
745994
736463
743260
739161
707728
704135
696202
706440
631538
681677
633131
638154
631512
654970
631066
645132
603501
608803
654561
661830
672186
648990
587362
570432
565819
533529
585246
598180
628464
674898
674130
678335
698729
722351
694057
745399
728795
714414
693675
610273
602293
577258
652110
645475
637481
545600
571639
628166
679079
669869
715358
668515
743802
730162
637357
752827
633431
573765
662629
734028
730350
621630
539456
745719
841658
777994
768428
860564
863524
858625
832659
864640
803960
756500
642780
679029
642923
684496
658628
661743
599226
584082
546466
550965
562867
547706
541617
573141
678788
708296
719384
743561
710712
827992
790291
726759
685060
868777
766797
691921
728903
544054
665806
809318
806107
618580
653053
687297
720075
694629
714216
717275
730731
657992
717295
718041
762764
720595
742688
675287
766254
776060
795760
774706
786993
747318
742577
795193
713804
773871
654970
714561
697154
716713
716135
745751
743802
691541
759401
743251
790992
725495
668119
601491
524212
700895
717862
721214
674130
699302
705357
737500
704196
732918
723264
685939
669643
696396
653630
704995
660472
667952
607002
686123
747236
647596
734812
893287
802026
713423
748482
739658
754761
825391
748428
794100
773054
779332
828559
865273
771362
776583
701777
673522
672578
766494
717862
1023189
1095053
1025028
1118286
1089586
1049155
1097039
1045055
1111453
1031503
1063620
1045854
980269
955659
1034918
1017158
1018149
931624
985457
973267
1028708
952932
973315
870241
905545
976156
872292
959278
1015788
967956
966231
1026721
1084120
1010146
983706
939257
935157
906349
877381
879125
884591
838600
843592
827635
847692
780971
840236
871724
819175
810794
819175
796290
754194
736706
737030
734262
741416
747361
687663
747737
782332
732328
653921
737557
674130
723043
696382
730961
925861
866825
788927
748552
827665
782094
706974
804907
728111
724471
864307
779018
665806
819792
791877
786352
762394
695798
715145
741655
695798
729594
757495
785829
756927
781213
772816
789694
661743
659444
691992
744627
665970
784260
758421
709095
688832
749220
737592
711857
748727
705288
806126
786194
828992
812141
772098
812879
835114
744607
756927
768745
737945
785790
727429
764381
757909
789348
769832
785790
794394
816464
795271
691730
724128
707794
744607
781526
758861
866825
797214
756638
798667
754386
697154
658471
694629
749467
736994
743549
766494
691730
715928
658972
697750
686980
667621
634357
630590
661180
635446
600792
592541
608356
574928
590749
619365
559767
538554
544680
535515
524943
538517
501049
605746
767655
834825
775517
715129
830578
787560
817820
797127
834882
796827
802909
728563
689624
677816
781558
643992
693879
724048
751680
727217
781549
753855
781213
783497
835547
793126
823715
794479
800790
741675
826625
807752
792349
801550
835573
801227
800194
798543
832092
750278
793897
805386
830725
796957
802593
789634
830725
763588
762961
787429
709149
701176
539413
1008483
726194
681616
585920
601786
502818
519026
648963
952923
1028088
1030022
1040421
1092320
998589
1003489
978889
1006425
957023
982989
900425
967850
909608
868974
876119
891026
929690
884635
978889
992555
987778
990006
931057
911874
933988
1004855
933130
911237
998022
989822
994636
1052687
984356
1032563
1014989
1020349
996655
926531
934314
1015788
1007588
1012206
951556
902088
1048587
1075992
997717
1023901
1074553
1081239
1106297
981622
978573
946090
910557
978889
1067720
952124
1049954
1039348
1029493
1070563
1084120
1045876
1120036
1058721
1051849
1038237
971993
1002122
1058598
1044892
1089586
1092597
1081954
1092459
919914
925861
1064987
1049954
965514
999389
1043121
998022
920338
982749
938458
905946
1043121
965141
918563
921381
933791
925349
924224
1000849
1060091
1058154
920124
958831
729465
636800
592665
661180
629830
509776
599438
586685
582622
577788
578923
536769
602939
581267
609711
576412
625964
528405
696955
837473
918757
935157
928063
902355
904193
874762
865797
835753
841885
793125
929261
972056
928489
890058
834089
824460
946090
839849
781727
748675
725935
695042
685560
652412
744123
739946
815588
775517
857259
988456
891421
840859
815421
856222
758861
783461
782849
767860
761594
829926
843357
812160
911778
947457
795193
507977
623267
906458
1021189
1028926
944343
909191
1019888
991189
1027659
958274
1041526
1023988
1010322
973990
976735
982989
985457
994073
950190
949895
974789
1008955
974206
1003848
983383
964767
1005421
1018521
1029455
999180
985722
999389
962451
1009420
1013908
1006222
1022224
967716
1012543
1015273
1001847
982507
840757
979635
808007
869908
846741
726981
799600
765736
730162
763427
833855
905946
963856
730486
661830
677610
687814
682607
721455
703370
688407
728795
769565
818653
769804
862202
813214
837135
841323
879125
911370
921491
788927
744849
800926
873214
847692
861359
869558
832036
780447
825714
778975
790992
854525
974789
751546
730961
731466
800659
755706
668096
648345
698162
641426
650330
656071
622167
595598
572781
642130
678788
674425
614227
559883
539632
561011
515301
531152
554178
578636
544381
583365
629200
608480
537370
651056
549721
546419
549624
537553
544259
524482
542589
518186
578714
651549
729693
793125
792460
775779
739250
731864
690375
713195
662999
728228
684951
702262
756128
818426
762753
763327
803957
860791
801852
823093
763588
852158
787560
752741
762871
740300
820214
758789
712662
744123
712860
613887
541566
574569
711828
812160
764944
803106
648345
723043
697349
743561
698531
722792
664563
684206
652261
683129
652409
667928
628673
570432
576447
611628
702060
732404
681762
659349
848492
763327
729693
640824
731528
732024
694442
752827
712396
808071
761594
782289
715572
682330
765473
829926
755706
787560
810478
788927
726062
809916
770593
737828
703011
778793
778501
644719
654997
807019
741095
755453
814234
842226
820360
790821
826463
785626
735116
787433
818426
776627
777421
831842
774162
725402
739161
730162
766000
781812
780135
747838
796626
801227
796127
834026
889491
840519
790500
791660
787145
813526
844936
894158
838492
834027
815901
728567
774434
848095
858625
931057
949833
946657
984356
947457
801550
839383
946620
856575
738710
728337
692503
739421
819309
996655
896849
804508
836192
656499
790920
741895
724695
765736
738362
776583
751357
751461
720202
755560
773894
778778
831293
819651
773894
846635
838533
839176
893744
877758
872719
926531
860922
791660
790704
806669
786993
705561
805603
808859
787992
908782
936868
1051321
967090
1048587
965223
1093914
1112776
1003332
1130585
1059012
1108719
1030291
1005424
1087432
1019833
963856
912725
937618
861563
832075
830022
817626
974789
1006222
929847
872292
988456
1023189
1018521
967885
944723
1016838
1109477
1069087
1000556
1018521
1140152
1058913
1176375
1048607
1119034
1077277
1194124
1057355
1122874
1144176
1144412
1218050
1099033
1093686
1036666
1000755
958823
1018521
1054222
1058154
1052136
1092050
905113
1139513
1024668
1131953
1107920
1118286
1086638
1151085
1116120
1153818
1096987
1163385
1066026
1124495
1051337
1102974
1094672
1085487
1101285
1102939
1135719
1134052
1120220
1140152
1022320
879924
834026
1070451
1131531
1057355
1111597
1015944
978367
1043121
1010322
1041754
966627
1004852
899281
876392
883278
869558
872844
788927
848920
858849
843592
835393
844373
876392
892791
872794
1023465
880563
783363
868192
990006
1011688
917091
941675
929925
855700
752827
725625
877758
1024738
920860
917391
981622
948421
996655
994636
977522
961077
965602
951556
991189
953056
939406
1051321
1080269
1001323
967421
963836
773097
981142
1081421
974789
959756
957127
931057
925590
937890
944723
884040
818859
860791
903117
1056486
1078076
938921
872292
880492
874651
942953
881858
821568
901956
840859
874521
883225
936523
957023
967421
904687
879583
831293
832590
922857
863563
874869
921491
1019369
906753
812161
875556
786352
856784
948823
918149
876392
975092
945706
907824
909191
840868
843592
895524
977522
892199
834026
799860
808635
862158
876492
840859
876392
896849
856431
934418
941990
891033
706440
712650
743828
843580
888124
899050
920124
930351
905091
865794
894537
897860
858625
899624
874521
842226
887324
941635
951556
1007631
949391
885429
838126
869706
880492
832659
777994
831143
803663
808060
798838
831293
864736
778793
787560
828540
777062
849858
947457
862725
833394
879125
831293
890063
876866
873904
1010322
1127852
892399
1020456
980256
979298
906052
953849
906899
842226
880492
1089586
894526
903724
888691
956111
909191
877849
863556
843250
894158
879125
845964
866825
663662
574366
724128
666598
701463
789923
795193
795760
824599
872292
955206
760228
943357
959756
1002122
875508
922857
825826
881858
887325
986511
887325
982749
1056787
1025922
942073
1022621
1073187
1096987
1013055
1043121
1066355
1059211
866825
989822
1003270
1058154
928570
921278
1112819
1009522
1051321
1045854
936382
872292
943836
886861
887340
879623
842226
948823
928712
935157
894158
885429
907518
1012543
937563
929690
1075920
1024555
1070454
990107
877739
750680
853070
851718
893590
788927
783130
899624
863917
781252
763760
697166
817887
821568
739728
733429
783461
785283
773891
722693
843025
778778
780727
745994
736463
743260
739161
707728
704135
696202
706440
631538
681677
633131
638154
631512
654970
631066
645132
603501
608803
654561
661830
672186
648990
587362
570432
565819
533529
585246
598180
628464
674898
674130
678335
698729
722351
694057
745399
728795
714414
693675
610273
602293
577258
652110
645475
637481
545600
571639
628166
679079
669869
715358
668515
743802
730162
637357
752827
633431
573765
662629
734028
730350
621630
539456
745719
841658
777994
768428
860564
863524
858625
832659
864640
803960
756500
642780
679029
642923
684496
658628
661743
599226
584082
546466
550965
562867
547706
541617
573141
678788
708296
719384
743561
710712
827992
790291
726759
685060
868777
766797
691921
728903
544054
665806
809318
806107
618580
653053
687297
720075
694629
714216
717275
730731
657992
717295
718041
762764
720595
742688
675287
766254
776060
795760
774706
786993
747318
742577
795193
713804
773871
654970
714561
697154
716713
716135
745751
743802
691541
759401
743251
790992
725495
668119
601491
524212
700895
717862
721214
674130
699302
705357
737500
704196
732918
723264
685939
669643
696396
653630
704995
660472
667952
607002
686123
747236
647596
734812
893287
802026
713423
748482
739658
754761
825391
748428
794100
773054
779332
828559
865273
771362
776583
701777
673522
672578
766494
717862
1023189
1095053
1025028
1118286
1089586
1049155
1097039
1045055
1111453
1031503
1063620
1045854
980269
955659
1034918
1017158
1018149
931624
985457
973267
1028708
952932
973315
870241
905545
976156
872292
959278
1015788
967956
966231
1026721
1084120
1010146
983706
939257
935157
906349
877381
879125
884591
838600
843592
827635
847692
780971
840236
871724
819175
810794
819175
796290
754194
736706
737030
734262
741416
747361
687663
747737
782332
732328
653921
737557
674130
723043
696382
730961
925861
866825
788927
748552
827665
782094
706974
804907
728111
724471
864307
779018
665806
819792
791877
786352
762394
695798
715145
741655
695798
729594
757495
785829
756927
781213
772816
789694
661743
659444
691992
744627
665970
784260
758421
709095
688832
749220
737592
711857
748727
705288
806126
786194
828992
812141
772098
812879
835114
744607
756927
768745
737945
785790
727429
764381
757909
789348
769832
785790
794394
816464
795271
691730
724128
707794
744607
781526
758861
866825
797214
756638
798667
754386
697154
658471
694629
749467
736994
743549
766494
691730
715928
658972
697750
686980
667621
634357
630590
661180
635446
600792
592541
608356
574928
590749
619365
559767
538554
544680
535515
524943
538517
501049
605746
767655
834825
775517
715129
830578
787560
817820
797127
834882
796827
802909
728563
689624
677816
781558
643992
693879
724048
751680
727217
781549
753855
781213
783497
835547
793126
823715
794479
800790
741675
826625
807752
792349
801550
835573
801227
800194
798543
832092
750278
793897
805386
830725
796957
802593
789634
830725
763588
762961
787429
709149
701176
539413
1008483
726194
681616
585920
601786
502818
519026
648963
952923
1028088
1030022
1040421
1092320
998589
1003489
978889
1006425
957023
982989
900425
967850
909608
868974
876119
891026
929690
884635
978889
992555
987778
990006
931057
911874
933988
1004855
933130
911237
998022
989822
994636
1052687
984356
1032563
1014989
1020349
996655
926531
934314
1015788
1007588
1012206
951556
902088
1048587
1075992
997717
1023901
1074553
1081239
1106297
981622
978573
946090
910557
978889
1067720
952124
1049954
1039348
1029493
1070563
1084120
1045876
1120036
1058721
1051849
1038237
971993
1002122
1058598
1044892
1089586
1092597
1081954
1092459
919914
925861
1064987
1049954
965514
999389
1043121
998022
920338
982749
938458
905946
1043121
965141
918563
921381
933791
925349
924224
1000849
1060091
1058154
920124
958831
729465
636800
592665
661180
629830
509776
599438
586685
582622
577788
578923
536769
602939
581267
609711
576412
625964
528405
696955
837473
918757
935157
928063
902355
904193
874762
865797
835753
841885
793125
929261
972056
928489
890058
834089
824460
946090
839849
781727
748675
725935
695042
685560
652412
744123
739946
815588
775517
857259
988456
891421
840859
815421
856222
758861
783461
782849
767860
761594
829926
843357
812160
911778
947457
795193
507977
623267
906458
1021189
1028926
944343
909191
1019888
991189
1027659
958274
1041526
1023988
1010322
973990
976735
982989
985457
994073
950190
949895
974789
1008955
974206
1003848
983383
964767
1005421
1018521
1029455
999180
985722
999389
962451
1009420
1013908
1006222
1022224
967716
1012543
1015273
1001847
982507
840757
979635
808007
869908
846741
726981
799600
765736
730162
763427
833855
905946
963856
730486
661830
677610
687814
682607
721455
703370
688407
728795
769565
818653
769804
862202
813214
837135
841323
879125
911370
921491
788927
744849
800926
873214
847692
861359
869558
832036
780447
825714
778975
790992
854525
974789
751546
730961
731466
800659
755706
668096
648345
698162
641426
650330
656071
622167
595598
572781
642130
678788
674425
614227
559883
539632
561011
515301
531152
554178
578636
544381
583365
629200
608480
537370
651056
549721
546419
549624
537553
544259
524482
542589
518186
578714
651549
729693
793125
792460
775779
739250
731864
690375
713195
662999
728228
684951
702262
756128
818426
762753
763327
803957
860791
801852
823093
763588
852158
787560
752741
762871
740300
820214
758789
712662
744123
712860
613887
541566
574569
711828
812160
764944
803106
648345
723043
697349
743561
698531
722792
664563
684206
652261
683129
652409
667928
628673
570432
576447
611628
702060
732404
681762
659349
848492
763327
729693
640824
731528
732024
694442
752827
712396
808071
761594
782289
715572
682330
765473
829926
755706
787560
810478
788927
726062
809916
770593
737828
703011
778793
778501
644719
654997
807019
741095
755453
814234
842226
820360
790821
826463
785626
735116
787433
818426
776627
777421
831842
774162
725402
739161
730162
766000
781812
780135
747838
796626
801227
796127
834026
889491
840519
790500
791660
787145
813526
844936
894158
838492
834027
815901
728567
774434
848095
858625
931057
949833
946657
984356
947457
801550
839383
946620
856575
738710
728337
692503
739421
819309
996655
896849
804508
836192
656499
790920
741895
724695
765736
738362
776583
751357
751461
720202
755560
773894
778778
831293
819651
773894
846635
838533
839176
893744
877758
872719
926531
860922
791660
790704
806669
786993
705561
805603
808859
787992
908782
936868
1051321
967090
1048587
965223
1093914
1112776
1003332
1130585
1059012
1108719
1030291
1005424
1087432
1019833
963856
912725
937618
861563
832075
830022
817626
974789
1006222
929847
872292
988456
1023189
1018521
967885
944723
1016838
1109477
1069087
1000556
1018521
1140152
1058913
1176375
1048607
1119034
1077277
1194124
1057355
1122874
1144176
1144412
1218050
1099033
1093686
1036666
1000755
958823
1018521
1054222
1058154
1052136
1092050
905113
1139513
1024668
1131953
1107920
1118286
1086638
1151085
1116120
1153818
1096987
1163385
1066026
1124495
1051337
1102974
1094672
1085487
1101285
1102939
1135719
1134052
1120220
1140152
1022320
879924
834026
1070451
1131531
1057355
1111597
1015944
978367
1043121
1010322
1041754
966627
1004852
899281
876392
883278
869558
872844
788927
848920
858849
843592
835393
844373
876392
892791
872794
1023465
880563
783363
868192
990006
1011688
917091
941675
929925
855700
752827
725625
877758
1024738
920860
917391
981622
948421
996655
994636
977522
961077
965602
951556
991189
953056
939406
1051321
1080269
1001323
967421
963836
773097
981142
1081421
974789
959756
957127
931057
925590
937890
944723
884040
818859
860791
903117
1056486
1078076
938921
872292
880492
874651
942953
881858
821568
901956
840859
874521
883225
936523
957023
967421
904687
879583
831293
832590
922857
863563
874869
921491
1019369
906753
812161
875556
786352
856784
948823
918149
876392
975092
945706
907824
909191
840868
843592
895524
977522
892199
834026
799860
808635
862158
876492
840859
876392
896849
856431
934418
941990
891033
706440
712650
743828
843580
888124
899050
920124
930351
905091
865794
894537
897860
858625
899624
874521
842226
887324
941635
951556
1007631
949391
885429
838126
869706
880492
832659
777994
831143
803663
808060
798838
831293
864736
778793
787560
828540
777062
849858
947457
862725
833394
879125
831293
890063
876866
873904
1010322
1127852
892399
1020456
980256
979298
906052
953849
906899
842226
880492
1089586
894526
903724
888691
956111
909191
877849
863556
843250
894158
879125
845964
866825
663662
574366
724128
666598
701463
789923
795193
795760
824599
872292
955206
760228
943357
959756
1002122
875508
922857
825826
881858
887325
986511
887325
982749
1056787
1025922
942073
1022621
1073187
1096987
1013055
1043121
1066355
1059211
866825
989822
1003270
1058154
928570
921278
1112819
1009522
1051321
1045854
936382
872292
943836
886861
887340
879623
842226
948823
928712
935157
894158
885429
907518
1012543
937563
929690
1075920
1024555
1070454
990107
877739
750680
853070
851718
893590
788927
783130
899624
863917
781252
763760
697166
817887
821568
739728
733429
783461
785283
773891
722693
843025
778778
780727
745994
736463
743260
739161
707728
704135
696202
706440
631538
681677
633131
638154
631512
654970
631066
645132
603501
608803
654561
661830
672186
648990
587362
570432
565819
533529
585246
598180
628464
674898
674130
678335
698729
722351
694057
745399
728795
714414
693675
610273
602293
577258
652110
645475
637481
545600
571639
628166
679079
669869
715358
668515
743802
730162
637357
752827
633431
573765
662629
734028
730350
621630
539456
745719
841658
777994
768428
860564
863524
858625
832659
864640
803960
756500
642780
679029
642923
684496
658628
661743
599226
584082
546466
550965
562867
547706
541617
573141
678788
708296
719384
743561
710712
827992
790291
726759
685060
868777
766797
691921
728903
544054
665806
809318
806107
618580
653053
687297
720075
694629
714216
717275
730731
657992
717295
718041
762764
720595
742688
675287
766254
776060
795760
774706
786993
747318
742577
795193
713804
773871
654970
714561
697154
716713
716135
745751
743802
691541
759401
743251
790992
725495
668119
601491
524212
700895
717862
721214
674130
699302
705357
737500
704196
732918
723264
685939
669643
696396
653630
704995
660472
667952
607002
686123
747236
647596
734812
893287
802026
713423
748482
739658
754761
825391
748428
794100
773054
779332
828559
865273
771362
776583
701777
673522
672578
766494
717862
1023189
1095053
1025028
1118286
1089586
1049155
1097039
1045055
1111453
1031503
1063620
1045854
980269
955659
1034918
1017158
1018149
931624
985457
973267
1028708
952932
973315
870241
905545
976156
872292
959278
1015788
967956
966231
1026721
1084120
1010146
983706
939257
935157
906349
877381
879125
884591
838600
843592
827635
847692
780971
840236
871724
819175
810794
819175
796290
754194
736706
737030
734262
741416
747361
687663
747737
782332
732328
653921
737557
674130
723043
696382
730961
925861
866825
788927
748552
827665
782094
706974
804907
728111
724471
864307
779018
665806
819792
791877
786352
762394
695798
715145
741655
695798
729594
757495
785829
756927
781213
772816
789694
661743
659444
691992
744627
665970
784260
758421
709095
688832
749220
737592
711857
748727
705288
806126
786194
828992
812141
772098
812879
835114
744607
756927
768745
737945
785790
727429
764381
757909
789348
769832
785790
794394
816464
795271
691730
724128
707794
744607
781526
758861
866825
797214
756638
798667
754386
697154
658471
694629
749467
736994
743549
766494
691730
715928
658972
697750
686980
667621
634357
630590
661180
635446
600792
592541
608356
574928
590749
619365
559767
538554
544680
535515
524943
538517
501049
605746
767655
834825
775517
715129
830578
787560
817820
797127
834882
796827
802909
728563
689624
677816
781558
643992
693879
724048
751680
727217
781549
753855
781213
783497
835547
793126
823715
794479
800790
741675
826625
807752
792349
801550
835573
801227
800194
798543
832092
750278
793897
805386
830725
796957
802593
789634
830725
763588
762961
787429
709149
701176
539413
1008483
726194
681616
585920
601786
502818
519026
648963
952923
1028088
1030022
1040421
1092320
998589
1003489
978889
1006425
957023
982989
900425
967850
909608
868974
876119
891026
929690
884635
978889
992555
987778
990006
931057
911874
933988
1004855
933130
911237
998022
989822
994636
1052687
984356
1032563
1014989
1020349
996655
926531
934314
1015788
1007588
1012206
951556
902088
1048587
1075992
997717
1023901
1074553
1081239
1106297
981622
978573
946090
910557
978889
1067720
952124
1049954
1039348
1029493
1070563
1084120
1045876
1120036
1058721
1051849
1038237
971993
1002122
1058598
1044892
1089586
1092597
1081954
1092459
919914
925861
1064987
1049954
965514
999389
1043121
998022
920338
982749
938458
905946
1043121
965141
918563
921381
933791
925349
924224
1000849
1060091
1058154
920124
958831
729465
636800
592665
661180
629830
509776
599438
586685
582622
577788
578923
536769
602939
581267
609711
576412
625964
528405
696955
837473
918757
935157
928063
902355
904193
874762
865797
835753
841885
793125
929261
972056
928489
890058
834089
824460
946090
839849
781727
748675
725935
695042
685560
652412
744123
739946
815588
775517
857259
988456
891421
840859
815421
856222
758861
783461
782849
767860
761594
829926
843357
812160
911778
947457
795193
507977
623267
906458
1021189
1028926
944343
909191
1019888
991189
1027659
958274
1041526
1023988
1010322
973990
976735
982989
985457
994073
950190
949895
974789
1008955
974206
1003848
983383
964767
1005421
1018521
1029455
999180
985722
999389
962451
1009420
1013908
1006222
1022224
967716
1012543
1015273
1001847
982507
840757
979635
808007
869908
846741
726981
799600
765736
730162
763427
833855
905946
963856
730486
661830
677610
687814
682607
721455
703370
688407
728795
769565
818653
769804
862202
813214
837135
841323
879125
911370
921491
788927
744849
800926
873214
847692
861359
869558
832036
780447
825714
778975
790992
854525
974789
751546
730961
731466
800659
755706
668096
648345
698162
641426
650330
656071
622167
595598
572781
642130
678788
674425
614227
559883
539632
561011
515301
531152
554178
578636
544381
583365
629200
608480
537370
651056
549721
546419
549624
537553
544259
524482
542589
518186
578714
651549
729693
793125
792460
775779
739250
731864
690375
713195
662999
728228
684951
702262
756128
818426
762753
763327
803957
860791
801852
823093
763588
852158
787560
752741
762871
740300
820214
758789
712662
744123
712860
613887
541566
574569
711828
812160
764944
803106
648345
723043
697349
743561
698531
722792
664563
684206
652261
683129
652409
667928
628673
570432
576447
611628
702060
732404
681762
659349
848492
763327
729693
640824
731528
732024
694442
752827
712396
808071
761594
782289
715572
682330
765473
829926
755706
787560
810478
788927
726062
809916
770593
737828
703011
778793
778501
644719
654997
807019
741095
755453
814234
842226
820360
790821
826463
785626
735116
787433
818426
776627
777421
831842
774162
725402
739161
730162
766000
781812
780135
747838
796626
801227
796127
834026
889491
840519
790500
791660
787145
813526
844936
894158
838492
834027
815901
728567
774434
848095
858625
931057
949833
946657
984356
947457
801550
839383
946620
856575
738710
728337
692503
739421
819309
996655
896849
804508
836192
656499
790920
741895
724695
765736
738362
776583
751357
751461
720202
755560
773894
778778
831293
819651
773894
846635
838533
839176
893744
877758
872719
926531
860922
791660
790704
806669
786993
705561
805603
808859
787992
908782
936868
1051321
967090
1048587
965223
1093914
1112776
1003332
1130585
1059012
1108719
1030291
1005424
1087432
1019833
963856
912725
937618
861563
832075
830022
817626
974789
1006222
929847
872292
988456
1023189
1018521
967885
944723
1016838
1109477
1069087
1000556
1018521
1140152
1058913
1176375
1048607
1119034
1077277
1194124
1057355
1122874
1144176
1144412
1218050
1099033
1093686
1036666
1000755
958823
1018521
1054222
1058154
1052136
1092050
905113
1139513
1024668
1131953
1107920
1118286
1086638
1151085
1116120
1153818
1096987
1163385
1066026
1124495
1051337
1102974
1094672
1085487
1101285
1102939
1135719
1134052
1120220
1140152
1022320
879924
834026
1070451
1131531
1057355
1111597
1015944
978367
1043121
1010322
1041754
966627
1004852
899281
876392
883278
869558
872844
788927
848920
858849
843592
835393
844373
876392
892791
872794
1023465
880563
783363
868192
990006
1011688
917091
941675
929925
855700
752827
725625
877758
1024738
920860
917391
981622
948421
996655
994636
977522
961077
965602
951556
991189
953056
939406
1051321
1080269
1001323
967421
963836
773097
981142
1081421
974789
959756
957127
931057
925590
937890
944723
884040
818859
860791
903117
1056486
1078076
938921
872292
880492
874651
942953
881858
821568
901956
840859
874521
883225
936523
957023
967421
904687
879583
831293
832590
922857
863563
874869
921491
1019369
906753
812161
875556
786352
856784
948823
918149
876392
975092
945706
907824
909191
840868
843592
895524
977522
892199
834026
799860
808635
862158
876492
840859
876392
896849
856431
934418
941990
891033
706440
712650
743828
843580
888124
899050
920124
930351
905091
865794
894537
897860
858625
899624
874521
842226
887324
941635
951556
1007631
949391
885429
838126
869706
880492
832659
777994
831143
803663
808060
798838
831293
864736
778793
787560
828540
777062
849858
947457
862725
833394
879125
831293
890063
876866
873904
1010322
1127852
892399
1020456
980256
979298
906052
953849
906899
842226
880492
1089586
894526
903724
888691
956111
909191
877849
863556
843250
894158
879125
845964
866825
663662
574366
724128
666598
701463
789923
795193
795760
824599
872292
955206
760228
943357
959756
1002122
875508
922857
825826
881858
887325
986511
887325
982749
1056787
1025922
942073
1022621
1073187
1096987
1013055
1043121
1066355
1059211
866825
989822
1003270
1058154
928570
921278
1112819
1009522
1051321
1045854
936382
872292
943836
886861
887340
879623
842226
948823
928712
935157
894158
885429
907518
1012543
937563
929690
1075920
1024555
1070454
990107
877739
750680
853070
851718
893590
788927
783130
899624
863917
781252
763760
697166
817887
821568
739728
733429
783461
785283
773891
722693
843025
778778
780727
745994
736463
743260
739161
707728
704135
696202
706440
631538
681677
633131
638154
631512
654970
631066
645132
603501
608803
654561
661830
672186
648990
587362
570432
565819
533529
585246
598180
628464
674898
674130
678335
698729
722351
694057
745399
728795
714414
693675
610273
602293
577258
652110
645475
637481
545600
571639
628166
679079
669869
715358
668515
743802
730162
637357
752827
633431
573765
662629
734028
730350
621630
539456
745719
841658
777994
768428
860564
863524
858625
832659
864640
803960
756500
642780
679029
642923
684496
658628
661743
599226
584082
546466
550965
562867
547706
541617
573141
678788
708296
719384
743561
710712
827992
790291
726759
685060
868777
766797
691921
728903
544054
665806
809318
806107
618580
653053
687297
720075
694629
714216
717275
730731
657992
717295
718041
762764
720595
742688
675287
766254
776060
795760
774706
786993
747318
742577
795193
713804
773871
654970
714561
697154
716713
716135
745751
743802
691541
759401
743251
790992
725495
668119
601491
524212
700895
717862
721214
674130
699302
705357
737500
704196
732918
723264
685939
669643
696396
653630
704995
660472
667952
607002
686123
747236
647596
734812
893287
802026
713423
748482
739658
754761
825391
748428
794100
773054
779332
828559
865273
771362
776583
701777
673522
672578
766494
717862
1023189
1095053
1025028
1118286
1089586
1049155
1097039
1045055
1111453
1031503
1063620
1045854
980269
955659
1034918
1017158
1018149
931624
985457
973267
1028708
952932
973315
870241
905545
976156
872292
959278
1015788
967956
966231
1026721
1084120
1010146
983706
939257
935157
906349
877381
879125
884591
838600
843592
827635
847692
780971
840236
871724
819175
810794
819175
796290
754194
736706
737030
734262
741416
747361
687663
747737
782332
732328
653921
737557
674130
723043
696382
730961
925861
866825
788927
748552
827665
782094
706974
804907
728111
724471
864307
779018
665806
819792
791877
786352
762394
695798
715145
741655
695798
729594
757495
785829
756927
781213
772816
789694
661743
659444
691992
744627
665970
784260
758421
709095
688832
749220
737592
711857
748727
705288
806126
786194
828992
812141
772098
812879
835114
744607
756927
768745
737945
785790
727429
764381
757909
789348
769832
785790
794394
816464
795271
691730
724128
707794
744607
781526
758861
866825
797214
756638
798667
754386
697154
658471
694629
749467
736994
743549
766494
691730
715928
658972
697750
686980
667621
634357
630590
661180
635446
600792
592541
608356
574928
590749
619365
559767
538554
544680
535515
524943
538517
501049
605746
767655
834825
775517
715129
830578
787560
817820
797127
834882
796827
802909
728563
689624
677816
781558
643992
693879
724048
751680
727217
781549
753855
781213
783497
835547
793126
823715
794479
800790
741675
826625
807752
792349
801550
835573
801227
800194
798543
832092
750278
793897
805386
830725
796957
802593
789634
830725
763588
762961
787429
709149
701176
539413
1008483
726194
681616
585920
601786
502818
519026
648963
952923
1028088
1030022
1040421
1092320
998589
1003489
978889
1006425
957023
982989
900425
967850
909608
868974
876119
891026
929690
884635
978889
992555
987778
990006
931057
911874
933988
1004855
933130
911237
998022
989822
994636
1052687
984356
1032563
1014989
1020349
996655
926531
934314
1015788
1007588
1012206
951556
902088
1048587
1075992
997717
1023901
1074553
1081239
1106297
981622
978573
946090
910557
978889
1067720
952124
1049954
1039348
1029493
1070563
1084120
1045876
1120036
1058721
1051849
1038237
971993
1002122
1058598
1044892
1089586
1092597
1081954
1092459
919914
925861
1064987
1049954
965514
999389
1043121
998022
920338
982749
938458
905946
1043121
965141
918563
921381
933791
925349
924224
1000849
1060091
1058154
920124
958831
729465
636800
592665
661180
629830
509776
599438
586685
582622
577788
578923
536769
602939
581267
609711
576412
625964
528405
696955
837473
918757
935157
928063
902355
904193
874762
865797
835753
841885
793125
929261
972056
928489
890058
834089
824460
946090
839849
781727
748675
725935
695042
685560
652412
744123
739946
815588
775517
857259
988456
891421
840859
815421
856222
758861
783461
782849
767860
761594
829926
843357
812160
911778
947457
795193
507977
623267
906458
1021189
1028926
944343
909191
1019888
991189
1027659
958274
1041526
1023988
1010322
973990
976735
982989
985457
994073
950190
949895
974789
1008955
974206
1003848
983383
964767
1005421
1018521
1029455
999180
985722
999389
962451
1009420
1013908
1006222
1022224
967716
1012543
1015273
1001847
982507
840757
979635
808007
869908
846741
726981
799600
765736
730162
763427
833855
905946
963856
730486
661830
677610
687814
682607
721455
703370
688407
728795
769565
818653
769804
862202
813214
837135
841323
879125
911370
921491
788927
744849
800926
873214
847692
861359
869558
832036
780447
825714
778975
790992
854525
974789
751546
730961
731466
800659
755706
668096
648345
698162
641426
650330
656071
622167
595598
572781
642130
678788
674425
614227
559883
539632
561011
515301
531152
554178
578636
544381
583365
629200
608480
537370
651056
549721
546419
549624
537553
544259
524482
542589
518186
578714
651549
729693
793125
792460
775779
739250
731864
690375
713195
662999
728228
684951
702262
756128
818426
762753
763327
803957
860791
801852
823093
763588
852158
787560
752741
762871
740300
820214
758789
712662
744123
712860
613887
541566
574569
711828
812160
764944
803106
648345
723043
697349
743561
698531
722792
664563
684206
652261
683129
652409
667928
628673
570432
576447
611628
702060
732404
681762
659349
848492
763327
729693
640824
731528
732024
694442
752827
712396
808071
761594
782289
715572
682330
765473
829926
755706
787560
810478
788927
726062
809916
770593
737828
703011
778793
778501
644719
654997
807019
741095
755453
814234
842226
820360
790821
826463
785626
735116
787433
818426
776627
777421
831842
774162
725402
739161
730162
766000
781812
780135
747838
796626
801227
796127
834026
889491
840519
790500
791660
787145
813526
844936
894158
838492
834027
815901
728567
774434
848095
858625
931057
949833
946657
984356
947457
801550
839383
946620
856575
738710
728337
692503
739421
819309
996655
896849
804508
836192
656499
790920
741895
724695
765736
738362
776583
751357
751461
720202
755560
773894
778778
831293
819651
773894
846635
838533
839176
893744
877758
872719
926531
860922
791660
790704
806669
786993
705561
805603
808859
787992
908782
936868
1051321
967090
1048587
965223
1093914
1112776
1003332
1130585
1059012
1108719
1030291
1005424
1087432
1019833
963856
912725
937618
861563
832075
830022
817626
974789
1006222
929847
872292
988456
1023189
1018521
967885
944723
1016838
1109477
1069087
1000556
1018521
1140152
1058913
1176375
1048607
1119034
1077277
1194124
1057355
1122874
1144176
1144412
1218050
1099033
1093686
1036666
1000755
958823
1018521
1054222
1058154
1052136
1092050
905113
1139513
1024668
1131953
1107920
1118286
1086638
1151085
1116120
1153818
1096987
1163385
1066026
1124495
1051337
1102974
1094672
1085487
1101285
1102939
1135719
1134052
1120220
1140152
1022320
879924
834026
1070451
1131531
1057355
1111597
1015944
978367
1043121
1010322
1041754
966627
1004852
899281
876392
883278
869558
872844
788927
848920
858849
843592
835393
844373
876392
892791
872794
1023465
880563
783363
868192
990006
1011688
917091
941675
929925
855700
752827
725625
877758
1024738
920860
917391
981622
948421
996655
994636
977522
961077
965602
951556
991189
953056
939406
1051321
1080269
1001323
967421
963836
773097
981142
1081421
974789
959756
957127
931057
925590
937890
944723
884040
818859
860791
903117
1056486
1078076
938921
872292
880492
874651
942953
881858
821568
901956
840859
874521
883225
936523
957023
967421
904687
879583
831293
832590
922857
863563
874869
921491
1019369
906753
812161
875556
786352
856784
948823
918149
876392
975092
945706
907824
909191
840868
843592
895524
977522
892199
834026
799860
808635
862158
876492
840859
876392
896849
856431
934418
941990
891033
706440
712650
743828
843580
888124
899050
920124
930351
905091
865794
894537
897860
858625
899624
874521
842226
887324
941635
951556
1007631
949391
885429
838126
869706
880492
832659
777994
831143
803663
808060
798838
831293
864736
778793
787560
828540
777062
849858
947457
862725
833394
879125
831293
890063
876866
873904
1010322
1127852
892399
1020456
980256
979298
906052
953849
906899
842226
880492
1089586
894526
903724
888691
956111
909191
877849
863556
843250
894158
879125
845964
866825
663662
574366
724128
666598
701463
789923
795193
795760
824599
872292
955206
760228
943357
959756
1002122
875508
922857
825826
881858
887325
986511
887325
982749
1056787
1025922
942073
1022621
1073187
1096987
1013055
1043121
1066355
1059211
866825
989822
1003270
1058154
928570
921278
1112819
1009522
1051321
1045854
936382
872292
943836
886861
887340
879623
842226
948823
928712
935157
894158
885429
907518
1012543
937563
929690
1075920
1024555
1070454
990107
877739
750680
853070
851718
893590
788927
783130
899624
863917
781252
763760
697166
817887
821568
739728
733429
783461
785283
773891
722693
843025
778778
780727
745994
736463
743260
739161
707728
704135
696202
706440
631538
681677
633131
638154
631512
654970
631066
645132
603501
608803
654561
661830
672186
648990
587362
570432
565819
533529
585246
598180
628464
674898
674130
678335
698729
722351
694057
745399
728795
714414
693675
610273
602293
577258
652110
645475
637481
545600
571639
628166
679079
669869
715358
668515
743802
730162
637357
752827
633431
573765
662629
734028
730350
621630
539456
745719
841658
777994
768428
860564
863524
858625
832659
864640
803960
756500
642780
679029
642923
684496
658628
661743
599226
584082
546466
550965
562867
547706
541617
573141
678788
708296
719384
743561
710712
827992
790291
726759
685060
868777
766797
691921
728903
544054
665806
809318
806107
618580
653053
687297
720075
694629
714216
717275
730731
657992
717295
718041
762764
720595
742688
675287
766254
776060
795760
774706
786993
747318
742577
795193
713804
773871
654970
714561
697154
716713
716135
745751
743802
691541
759401
743251
790992
725495
668119
601491
524212
700895
717862
721214
674130
699302
705357
737500
704196
732918
723264
685939
669643
696396
653630
704995
660472
667952
607002
686123
747236
647596
734812
893287
802026
713423
748482
739658
754761
825391
748428
794100
773054
779332
828559
865273
771362
776583
701777
673522
672578
766494
717862
1023189
1095053
1025028
1118286
1089586
1049155
1097039
1045055
1111453
1031503
1063620
1045854
980269
955659
1034918
1017158
1018149
931624
985457
973267
1028708
952932
973315
870241
905545
976156
872292
959278
1015788
967956
966231
1026721
1084120
1010146
983706
939257
935157
906349
877381
879125
884591
838600
843592
827635
847692
780971
840236
871724
819175
810794
819175
796290
754194
736706
737030
734262
741416
747361
687663
747737
782332
732328
653921
737557
674130
723043
696382
730961
925861
866825
788927
748552
827665
782094
706974
804907
728111
724471
864307
779018
665806
819792
791877
786352
762394
695798
715145
741655
695798
729594
757495
785829
756927
781213
772816
789694
661743
659444
691992
744627
665970
784260
758421
709095
688832
749220
737592
711857
748727
705288
806126
786194
828992
812141
772098
812879
835114
744607
756927
768745
737945
785790
727429
764381
757909
789348
769832
785790
794394
816464
795271
691730
724128
707794
744607
781526
758861
866825
797214
756638
798667
754386
697154
658471
694629
749467
736994
743549
766494
691730
715928
658972
697750
686980
667621
634357
630590
661180
635446
600792
592541
608356
574928
590749
619365
559767
538554
544680
535515
524943
538517
501049
605746
767655
834825
775517
715129
830578
787560
817820
797127
834882
796827
802909
728563
689624
677816
781558
643992
693879
724048
751680
727217
781549
753855
781213
783497
835547
793126
823715
794479
800790
741675
826625
807752
792349
801550
835573
801227
800194
798543
832092
750278
793897
805386
830725
796957
802593
789634
830725
763588
762961
787429
709149
701176
539413
1008483
726194
681616
585920
601786
502818
519026
648963
952923
1028088
1030022
1040421
1092320
998589
1003489
978889
1006425
957023
982989
900425
967850
909608
868974
876119
891026
929690
884635
978889
992555
987778
990006
931057
911874
933988
1004855
933130
911237
998022
989822
994636
1052687
984356
1032563
1014989
1020349
996655
926531
934314
1015788
1007588
1012206
951556
902088
1048587
1075992
997717
1023901
1074553
1081239
1106297
981622
978573
946090
910557
978889
1067720
952124
1049954
1039348
1029493
1070563
1084120
1045876
1120036
1058721
1051849
1038237
971993
1002122
1058598
1044892
1089586
1092597
1081954
1092459
919914
925861
1064987
1049954
965514
999389
1043121
998022
920338
982749
938458
905946
1043121
965141
918563
921381
933791
925349
924224
1000849
1060091
1058154
920124
958831
729465
636800
592665
661180
629830
509776
599438
586685
582622
577788
578923
536769
602939
581267
609711
576412
625964
528405
696955
837473
918757
935157
928063
902355
904193
874762
865797
835753
841885
793125
929261
972056
928489
890058
834089
824460
946090
839849
781727
748675
725935
695042
685560
652412
744123
739946
815588
775517
857259
988456
891421
840859
815421
856222
758861
783461
782849
767860
761594
829926
843357
812160
911778
947457
795193
507977
623267
906458
1021189
1028926
944343
909191
1019888
991189
1027659
958274
1041526
1023988
1010322
973990
976735
982989
985457
994073
950190
949895
974789
1008955
974206
1003848
983383
964767
1005421
1018521
1029455
999180
985722
999389
962451
1009420
1013908
1006222
1022224
967716
1012543
1015273
1001847
982507
840757
979635
808007
869908
846741
726981
799600
765736
730162
763427
833855
905946
963856
730486
661830
677610
687814
682607
721455
703370
688407
728795
769565
818653
769804
862202
813214
837135
841323
879125
911370
921491
788927
744849
800926
873214
847692
861359
869558
832036
780447
825714
778975
790992
854525
974789
751546
730961
731466
800659
755706
668096
648345
698162
641426
650330
656071
622167
595598
572781
642130
678788
674425
614227
559883
539632
561011
515301
531152
554178
578636
544381
583365
629200
608480
537370
651056
549721
546419
549624
537553
544259
524482
542589
518186
578714
651549
729693
793125
792460
775779
739250
731864
690375
713195
662999
728228
684951
702262
756128
818426
762753
763327
803957
860791
801852
823093
763588
852158
787560
752741
762871
740300
820214
758789
712662
744123
712860
613887
541566
574569
711828
812160
764944
803106
648345
723043
697349
743561
698531
722792
664563
684206
652261
683129
652409
667928
628673
570432
576447
611628
702060
732404
681762
659349
848492
763327
729693
640824
731528
732024
694442
752827
712396
808071
761594
782289
715572
682330
765473
829926
755706
787560
810478
788927
726062
809916
770593
737828
703011
778793
778501
644719
654997
807019
741095
755453
814234
842226
820360
790821
826463
785626
735116
787433
818426
776627
777421
831842
774162
725402
739161
730162
766000
781812
780135
747838
796626
801227
796127
834026
889491
840519
790500
791660
787145
813526
844936
894158
838492
834027
815901
728567
774434
848095
858625
931057
949833
946657
984356
947457
801550
839383
946620
856575
738710
728337
692503
739421
819309
996655
896849
804508
836192
656499
790920
741895
724695
765736
738362
776583
751357
751461
720202
755560
773894
778778
831293
819651
773894
846635
838533
839176
893744
877758
872719
926531
860922
791660
790704
806669
786993
705561
805603
808859
787992
908782
936868
1051321
967090
1048587
965223
1093914
1112776
1003332
1130585
1059012
1108719
1030291
1005424
1087432
1019833
963856
912725
937618
861563
832075
830022
817626
974789
1006222
929847
872292
988456
1023189
1018521
967885
944723
1016838
1109477
1069087
1000556
1018521
1140152
1058913
1176375
1048607
1119034
1077277
1194124
1057355
1122874
1144176
1144412
1218050
1099033
1093686
1036666
1000755
958823
1018521
1054222
1058154
1052136
1092050
905113
1139513
1024668
1131953
1107920
1118286
1086638
1151085
1116120
1153818
1096987
1163385
1066026
1124495
1051337
1102974
1094672
1085487
1101285
1102939
1135719
1134052
1120220
1140152
1022320
879924
834026
1070451
1131531
1057355
1111597
1015944
978367
1043121
1010322
1041754
966627
1004852
899281
876392
883278
869558
872844
788927
848920
858849
843592
835393
844373
876392
892791
872794
1023465
880563
783363
868192
990006
1011688
917091
941675
929925
855700
752827
725625
877758
1024738
920860
917391
981622
948421
996655
994636
977522
961077
965602
951556
991189
953056
939406
1051321
1080269
1001323
967421
963836
773097
981142
1081421
974789
959756
957127
931057
925590
937890
944723
884040
818859
860791
903117
1056486
1078076
938921
872292
880492
874651
942953
881858
821568
901956
840859
874521
883225
936523
957023
967421
904687
879583
831293
832590
922857
863563
874869
921491
1019369
906753
812161
875556
786352
856784
948823
918149
876392
975092
945706
907824
909191
840868
843592
895524
977522
892199
834026
799860
808635
862158
876492
840859
876392
896849
856431
934418
941990
891033
706440
712650
743828
843580
888124
899050
920124
930351
905091
865794
894537
897860
858625
899624
874521
842226
887324
941635
951556
1007631
949391
885429
838126
869706
880492
832659
777994
831143
803663
808060
798838
831293
864736
778793
787560
828540
777062
849858
947457
862725
833394
879125
831293
890063
876866
873904
1010322
1127852
892399
1020456
980256
979298
906052
953849
906899
842226
880492
1089586
894526
903724
888691
956111
909191
877849
863556
843250
894158
879125
845964
866825
663662
574366
724128
666598
701463
789923
795193
795760
824599
872292
955206
760228
943357
959756
1002122
875508
922857
825826
881858
887325
986511
887325
982749
1056787
1025922
942073
1022621
1073187
1096987
1013055
1043121
1066355
1059211
866825
989822
1003270
1058154
928570
921278
1112819
1009522
1051321
1045854
936382
872292
943836
886861
887340
879623
842226
948823
928712
935157
894158
885429
907518
1012543
937563
929690
1075920
1024555
1070454
990107
877739
750680
853070
851718
893590
788927
783130
899624
863917
781252
763760
697166
817887
821568
739728
733429
783461
785283
773891
722693
843025
778778
780727
745994
736463
743260
739161
707728
704135
696202
706440
631538
681677
633131
638154
631512
654970
631066
645132
603501
608803
654561
661830
672186
648990
587362
570432
565819
533529
585246
598180
628464
674898
674130
678335
698729
722351
694057
745399
728795
714414
693675
610273
602293
577258
652110
645475
637481
545600
571639
628166
679079
669869
715358
668515
743802
730162
637357
752827
633431
573765
662629
734028
730350
621630
539456
745719
841658
777994
768428
860564
863524
858625
832659
864640
803960
756500
642780
679029
642923
684496
658628
661743
599226
584082
546466
550965
562867
547706
541617
573141
678788
708296
719384
743561
710712
827992
790291
726759
685060
868777
766797
691921
728903
544054
665806
809318
806107
618580
653053
687297
720075
694629
714216
717275
730731
657992
717295
718041
762764
720595
742688
675287
766254
776060
795760
774706
786993
747318
742577
795193
713804
773871
654970
714561
697154
716713
716135
745751
743802
691541
759401
743251
790992
725495
668119
601491
524212
700895
717862
721214
674130
699302
705357
737500
704196
732918
723264
685939
669643
696396
653630
704995
660472
667952
607002
686123
747236
647596
734812
893287
802026
713423
748482
739658
754761
825391
748428
794100
773054
779332
828559
865273
771362
776583
701777
673522
672578
766494
717862
1023189
1095053
1025028
1118286
1089586
1049155
1097039
1045055
1111453
1031503
1063620
1045854
980269
955659
1034918
1017158
1018149
931624
985457
973267
1028708
952932
973315
870241
905545
976156
872292
959278
1015788
967956
966231
1026721
1084120
1010146
983706
939257
935157
906349
877381
879125
884591
838600
843592
827635
847692
780971
840236
871724
819175
810794
819175
796290
754194
736706
737030
734262
741416
747361
687663
747737
782332
732328
653921
737557
674130
723043
696382
730961
925861
866825
788927
748552
827665
782094
706974
804907
728111
724471
864307
779018
665806
819792
791877
786352
762394
695798
715145
741655
695798
729594
757495
785829
756927
781213
772816
789694
661743
659444
691992
744627
665970
784260
758421
709095
688832
749220
737592
711857
748727
705288
806126
786194
828992
812141
772098
812879
835114
744607
756927
768745
737945
785790
727429
764381
757909
789348
769832
785790
794394
816464
795271
691730
724128
707794
744607
781526
758861
866825
797214
756638
798667
754386
697154
658471
694629
749467
736994
743549
766494
691730
715928
658972
697750
686980
667621
634357
630590
661180
635446
600792
592541
608356
574928
590749
619365
559767
538554
544680
535515
524943
538517
501049
605746
767655
834825
775517
715129
830578
787560
817820
797127
834882
796827
802909
728563
689624
677816
781558
643992
693879
724048
751680
727217
781549
753855
781213
783497
835547
793126
823715
794479
800790
741675
826625
807752
792349
801550
835573
801227
800194
798543
832092
750278
793897
805386
830725
796957
802593
789634
830725
763588
762961
787429
709149
701176
539413
1008483
726194
681616
585920
601786
502818
519026
648963
952923
1028088
1030022
1040421
1092320
998589
1003489
978889
1006425
957023
982989
900425
967850
909608
868974
876119
891026
929690
884635
978889
992555
987778
990006
931057
911874
933988
1004855
933130
911237
998022
989822
994636
1052687
984356
1032563
1014989
1020349
996655
926531
934314
1015788
1007588
1012206
951556
902088
1048587
1075992
997717
1023901
1074553
1081239
1106297
981622
978573
946090
910557
978889
1067720
952124
1049954
1039348
1029493
1070563
1084120
1045876
1120036
1058721
1051849
1038237
971993
1002122
1058598
1044892
1089586
1092597
1081954
1092459
919914
925861
1064987
1049954
965514
999389
1043121
998022
920338
982749
938458
905946
1043121
965141
918563
921381
933791
925349
924224
1000849
1060091
1058154
920124
958831
729465
636800
592665
661180
629830
509776
599438
586685
582622
577788
578923
536769
602939
581267
609711
576412
625964
528405
696955
837473
918757
935157
928063
902355
904193
874762
865797
835753
841885
793125
929261
972056
928489
890058
834089
824460
946090
839849
781727
748675
725935
695042
685560
652412
744123
739946
815588
775517
857259
988456
891421
840859
815421
856222
758861
783461
782849
767860
761594
829926
843357
812160
911778
947457
795193
507977
623267
906458
1021189
1028926
944343
909191
1019888
991189
1027659
958274
1041526
1023988
1010322
973990
976735
982989
985457
994073
950190
949895
974789
1008955
974206
1003848
983383
964767
1005421
1018521
1029455
999180
985722
999389
962451
1009420
1013908
1006222
1022224
967716
1012543
1015273
1001847
982507
840757
979635
808007
869908
846741
726981
799600
765736
730162
763427
833855
905946
963856
730486
661830
677610
687814
682607
721455
703370
688407
728795
769565
818653
769804
862202
813214
837135
841323
879125
911370
921491
788927
744849
800926
873214
847692
861359
869558
832036
780447
825714
778975
790992
854525
974789
751546
730961
731466
800659
755706
668096
648345
698162
641426
650330
656071
622167
595598
572781
642130
678788
674425
614227
559883
539632
561011
515301
531152
554178
578636
544381
583365
629200
608480
537370
651056
549721
546419
549624
537553
544259
524482
542589
518186
578714
651549
729693
793125
792460
775779
739250
731864
690375
713195
662999
728228
684951
702262
756128
818426
762753
763327
803957
860791
801852
823093
763588
852158
787560
752741
762871
740300
820214
758789
712662
744123
712860
613887
541566
574569
711828
812160
764944
803106
648345
723043
697349
743561
698531
722792
664563
684206
652261
683129
652409
667928
628673
570432
576447
611628
702060
732404
681762
659349
848492
763327
729693
640824
731528
732024
694442
752827
712396
808071
761594
782289
715572
682330
765473
829926
755706
787560
810478
788927
726062
809916
770593
737828
703011
778793
778501
644719
654997
807019
741095
755453
814234
842226
820360
790821
826463
785626
735116
787433
818426
776627
777421
831842
774162
725402
739161
730162
766000
781812
780135
747838
796626
801227
796127
834026
889491
840519
790500
791660
787145
813526
844936
894158
838492
834027
815901
728567
774434
848095
858625
931057
949833
946657
984356
947457
801550
839383
946620
856575
738710
728337
692503
739421
819309
996655
896849
804508
836192
656499
790920
741895
724695
765736
738362
776583
751357
751461
720202
755560
773894
778778
831293
819651
773894
846635
838533
839176
893744
877758
872719
926531
860922
791660
790704
806669
786993
705561
805603
808859
787992
908782
936868
1051321
967090
1048587
965223
1093914
1112776
1003332
1130585
1059012
1108719
1030291
1005424
1087432
1019833
963856
912725
937618
861563
832075
830022
817626
974789
1006222
929847
872292
988456
1023189
1018521
967885
944723
1016838
1109477
1069087
1000556
1018521
1140152
1058913
1176375
1048607
1119034
1077277
1194124
1057355
1122874
1144176
1144412
1218050
1099033
1093686
1036666
1000755
958823
1018521
1054222
1058154
1052136
1092050
905113
1139513
1024668
1131953
1107920
1118286
1086638
1151085
1116120
1153818
1096987
1163385
1066026
1124495
1051337
1102974
1094672
1085487
1101285
1102939
1135719
1134052
1120220
1140152
1022320
879924
834026
1070451
1131531
1057355
1111597
1015944
978367
1043121
1010322
1041754
966627
1004852
899281
876392
883278
869558
872844
788927
848920
858849
843592
835393
844373
876392
892791
872794
1023465
880563
783363
868192
990006
1011688
917091
941675
929925
855700
752827
725625
877758
1024738
920860
917391
981622
948421
996655
994636
977522
961077
965602
951556
991189
953056
939406
1051321
1080269
1001323
967421
963836
773097
981142
1081421
974789
959756
957127
931057
925590
937890
944723
884040
818859
860791
903117
1056486
1078076
938921
872292
880492
874651
942953
881858
821568
901956
840859
874521
883225
936523
957023
967421
904687
879583
831293
832590
922857
863563
874869
921491
1019369
906753
812161
875556
786352
856784
948823
918149
876392
975092
945706
907824
909191
840868
843592
895524
977522
892199
834026
799860
808635
862158
876492
840859
876392
896849
856431
934418
941990
891033
706440
712650
743828
843580
888124
899050
920124
930351
905091
865794
894537
897860
858625
899624
874521
842226
887324
941635
951556
1007631
949391
885429
838126
869706
880492
832659
777994
831143
803663
808060
798838
831293
864736
778793
787560
828540
777062
849858
947457
862725
833394
879125
831293
890063
876866
873904
1010322
1127852
892399
1020456
980256
979298
906052
953849
906899
842226
880492
1089586
894526
903724
888691
956111
909191
877849
863556
843250
894158
879125
845964
866825
663662
574366
724128
666598
701463
789923
795193
795760
824599
872292
955206
760228
943357
959756
1002122
875508
922857
825826
881858
887325
986511
887325
982749
1056787
1025922
942073
1022621
1073187
1096987
1013055
1043121
1066355
1059211
866825
989822
1003270
1058154
928570
921278
1112819
1009522
1051321
1045854
936382
872292
943836
886861
887340
879623
842226
948823
928712
935157
894158
885429
907518
1012543
937563
929690
1075920
1024555
1070454
990107
877739
750680
853070
851718
893590
788927
783130
899624
863917
781252
763760
697166
817887
821568
739728
733429
783461
785283
773891
722693
843025
778778
780727
745994
736463
743260
739161
707728
704135
696202
706440
631538
681677
633131
638154
631512
654970
631066
645132
603501
608803
654561
661830
672186
648990
587362
570432
565819
533529
585246
598180
628464
674898
674130
678335
698729
722351
694057
745399
728795
714414
693675
610273
602293
577258
652110
645475
637481
545600
571639
628166
679079
669869
715358
668515
743802
730162
637357
752827
633431
573765
662629
734028
730350
621630
539456
745719
841658
777994
768428
860564
863524
858625
832659
864640
803960
756500
642780
679029
642923
684496
658628
661743
599226
584082
546466
550965
562867
547706
541617
573141
678788
708296
719384
743561
710712
827992
790291
726759
685060
868777
766797
691921
728903
544054
665806
809318
806107
618580
653053
687297
720075
694629
714216
717275
730731
657992
717295
718041
762764
720595
742688
675287
766254
776060
795760
774706
786993
747318
742577
795193
713804
773871
654970
714561
697154
716713
716135
745751
743802
691541
759401
743251
790992
725495
668119
601491
524212
700895
717862
721214
674130
699302
705357
737500
704196
732918
723264
685939
669643
696396
653630
704995
660472
667952
607002
686123
747236
647596
734812
893287
802026
713423
748482
739658
754761
825391
748428
794100
773054
779332
828559
865273
771362
776583
701777
673522
672578
766494
717862
