451556
523189
595053
525028
618286
589586
549155
597039
545055
611453
531503
563620
545854
480269
455659
534918
517158
518149
431624
485457
473267
528708
452932
473315
370241
405545
476156
372292
459278
515788
467956
466231
526721
584120
510146
483706
439257
435157
406349
377381
379125
384591
338600
343592
327635
347692
280971
340236
371724
319175
310794
319175
296290
254194
236706
237030
234262
241416
247361
187663
247737
282332
232328
153921
237557
174130
223043
196382
230961
425861
366825
288927
248552
327665
282094
206974
304907
228111
224471
364307
279018
165806
319792
291877
286352
262394
195798
215145
241655
195798
229594
257495
285829
256927
281213
272816
289694
161743
159444
191992
244627
165970
284260
258421
209095
188832
249220
237592
211857
248727
205288
306126
286194
328992
312141
272098
312879
335114
244607
256927
268745
237945
285790
227429
264381
257909
289348
269832
285790
294394
316464
295271
191730
224128
207794
244607
281526
258861
366825
297214
256638
298667
254386
197154
158471
194629
249467
236994
243549
266494
191730
215928
158972
197750
186980
167621
134357
130590
161180
135446
100792
92541
108356
74928
90749
119365
59767
38554
44680
35515
24943
38517
1049
105746
267655
334825
275517
215129
330578
287560
317820
297127
334882
296827
302909
228563
189624
177816
281558
143992
193879
224048
251680
227217
281549
253855
281213
283497
335547
293126
323715
294479
300790
241675
326625
307752
292349
301550
335573
301227
300194
298543
332092
250278
293897
305386
330725
296957
302593
289634
330725
263588
262961
287429
209149
201176
39413
508483
226194
181616
85920
101786
2818
19026
148963
452923
528088
530022
540421
592320
498589
503489
478889
506425
457023
482989
400425
467850
409608
368974
376119
391026
429690
384635
478889
492555
487778
490006
431057
411874
433988
504855
433130
411237
498022
489822
494636
552687
484356
532563
514989
520349
496655
426531
434314
515788
507588
512206
451556
402088
548587
575992
497717
523901
574553
581239
606297
481622
478573
446090
410557
478889
567720
452124
549954
539348
529493
570563
584120
545876
620036
558721
551849
538237
471993
502122
558598
544892
589586
592597
581954
592459
419914
425861
564987
549954
465514
499389
543121
498022
420338
482749
438458
405946
543121
465141
418563
421381
433791
425349
424224
500849
560091
558154
420124
458831
229465
136800
92665
161180
129830
9776
99438
86685
82622
77788
78923
36769
102939
81267
109711
76412
125964
28405
196955
337473
418757
435157
428063
402355
404193
374762
365797
335753
341885
293125
429261
472056
428489
390058
334089
324460
446090
339849
281727
248675
225935
195042
185560
152412
244123
239946
315588
275517
357259
488456
391421
340859
315421
356222
258861
283461
282849
267860
261594
329926
343357
312160
411778
447457
295193
7977
123267
406458
521189
528926
444343
409191
519888
491189
527659
458274
541526
523988
510322
473990
476735
482989
485457
494073
450190
449895
474789
508955
474206
503848
483383
464767
505421
518521
529455
499180
485722
499389
462451
509420
513908
506222
522224
467716
512543
515273
501847
482507
340757
479635
308007
369908
346741
226981
299600
265736
230162
263427
333855
405946
463856
230486
161830
177610
187814
182607
221455
203370
188407
228795
269565
318653
269804
362202
313214
337135
341323
379125
411370
421491
288927
244849
300926
373214
347692
361359
369558
332036
280447
325714
278975
290992
354525
474789
251546
230961
231466
300659
255706
168096
148345
198162
141426
150330
156071
122167
95598
72781
142130
178788
174425
114227
59883
39632
61011
15301
31152
54178
78636
44381
83365
129200
108480
37370
151056
49721
46419
49624
37553
44259
24482
42589
18186
78714
151549
229693
293125
292460
275779
239250
231864
190375
213195
162999
228228
184951
202262
256128
318426
262753
263327
303957
360791
301852
323093
263588
352158
287560
252741
262871
240300
320214
258789
212662
244123
212860
113887
41566
74569
211828
312160
264944
303106
148345
223043
197349
243561
198531
222792
164563
184206
152261
183129
152409
167928
128673
70432
76447
111628
202060
232404
181762
159349
348492
263327
229693
140824
231528
232024
194442
252827
212396
308071
261594
282289
215572
182330
265473
329926
255706
287560
310478
288927
226062
309916
270593
237828
203011
278793
278501
144719
154997
307019
241095
255453
314234
342226
320360
290821
326463
285626
235116
287433
318426
276627
277421
331842
274162
225402
239161
230162
266000
281812
280135
247838
296626
301227
296127
334026
389491
340519
290500
291660
287145
313526
344936
394158
338492
334027
315901
228567
274434
348095
358625
431057
449833
446657
484356
447457
301550
339383
446620
356575
238710
228337
192503
239421
319309
496655
396849
304508
336192
156499
290920
241895
224695
265736
238362
276583
251357
251461
220202
255560
273894
278778
331293
319651
273894
346635
338533
339176
393744
377758
372719
426531
360922
291660
290704
306669
286993
205561
305603
308859
287992
408782
436868
551321
467090
548587
465223
593914
612776
503332
630585
559012
608719
530291
505424
587432
519833
463856
412725
437618
361563
332075
330022
317626
474789
506222
429847
372292
488456
523189
518521
467885
444723
516838
609477
569087
500556
518521
640152
558913
676375
548607
619034
577277
694124
557355
622874
644176
644412
718050
599033
593686
536666
500755
458823
518521
554222
558154
552136
592050
405113
639513
524668
631953
607920
618286
586638
651085
616120
653818
596987
663385
566026
624495
551337
602974
594672
585487
601285
602939
635719
634052
620220
640152
522320
379924
334026
570451
631531
557355
611597
515944
478367
543121
510322
541754
466627
504852
399281
376392
383278
369558
372844
288927
348920
358849
343592
335393
344373
376392
392791
372794
523465
380563
283363
368192
490006
511688
417091
441675
429925
355700
252827
225625
377758
524738
420860
417391
481622
448421
496655
494636
477522
461077
465602
451556
491189
453056
439406
551321
580269
501323
467421
463836
273097
481142
581421
474789
459756
457127
431057
425590
437890
444723
384040
318859
360791
403117
556486
578076
438921
372292
380492
374651
442953
381858
321568
401956
340859
374521
383225
436523
457023
467421
404687
379583
331293
332590
422857
363563
374869
421491
519369
406753
312161
375556
286352
356784
448823
418149
376392
475092
445706
407824
409191
340868
343592
395524
477522
392199
334026
299860
308635
362158
376492
340859
376392
396849
356431
434418
441990
391033
206440
212650
243828
343580
388124
399050
420124
430351
405091
365794
394537
397860
358625
399624
374521
342226
387324
441635
451556
507631
449391
385429
338126
369706
380492
332659
277994
331143
303663
308060
298838
331293
364736
278793
287560
328540
277062
349858
447457
362725
333394
379125
331293
390063
376866
373904
510322
627852
392399
520456
480256
479298
406052
453849
406899
342226
380492
589586
394526
403724
388691
456111
409191
377849
363556
343250
394158
379125
345964
366825
163662
74366
224128
166598
201463
289923
295193
295760
324599
372292
455206
260228
443357
459756
502122
375508
422857
325826
381858
387325
486511
387325
482749
556787
525922
442073
522621
573187
596987
513055
543121
566355
559211
366825
489822
503270
558154
428570
421278
612819
509522
551321
545854
436382
372292
443836
386861
387340
379623
342226
448823
428712
435157
394158
385429
407518
512543
437563
429690
575920
524555
570454
490107
377739
250680
353070
351718
393590
288927
283130
399624
363917
281252
263760
197166
317887
321568
239728
233429
283461
285283
273891
222693
343025
278778
280727
245994
236463
243260
239161
207728
204135
196202
206440
131538
181677
133131
138154
131512
154970
131066
145132
103501
108803
154561
161830
172186
148990
87362
70432
65819
33529
85246
98180
128464
174898
174130
178335
198729
222351
194057
245399
228795
214414
193675
110273
102293
77258
152110
145475
137481
45600
71639
128166
179079
169869
215358
168515
243802
230162
137357
252827
133431
73765
162629
234028
230350
121630
39456
245719
341658
277994
268428
360564
363524
358625
332659
364640
303960
256500
142780
179029
142923
184496
158628
161743
99226
84082
46466
50965
62867
47706
41617
73141
178788
208296
219384
243561
210712
327992
290291
226759
185060
368777
266797
191921
228903
44054
165806
309318
306107
118580
153053
187297
220075
194629
214216
217275
230731
157992
217295
218041
262764
220595
242688
175287
266254
276060
295760
274706
286993
247318
242577
295193
213804
273871
154970
214561
197154
216713
216135
245751
243802
191541
259401
243251
290992
225495
168119
101491
24212
200895
217862
221214
174130
199302
205357
237500
204196
232918
223264
185939
169643
196396
153630
204995
160472
167952
107002
186123
247236
147596
234812
393287
302026
213423
248482
239658
254761
325391
248428
294100
273054
279332
328559
365273
271362
276583
201777
173522
172578
266494
217862
