Segment_Index Playback_Start Quality_Level
            0        2.48692             0
            1        4.48692             2
            2        6.48692             2
            3        8.48692             2
            4        10.4869             2
            5        12.4869             2
            6        14.4869             2
            7        16.4869             2
            8        18.4869             2
            9        20.4869             2
           10        22.4869             2
           11        24.4869             2
           12        26.4869             2
           13        28.4869             2
           14        30.4869             2
           15        32.4869             2
           16        34.4869             2
           17        36.4869             2
           18        38.4869             2
           19        40.4869             3
           20        42.4869             3
           21        44.4869             3
           22        46.4869             3
           23        48.4869             3
           24        50.4869             3
           25        52.4869             3
           26        54.4869             3
           27        56.4869             3
           28        58.4869             3
           29        60.4869             3
           30        62.4869             3
           31        64.4869             3
           32        66.4869             3
           33        68.4869             3
           34        70.4869             4
           35        72.4869             4
           36        74.4869             4
           37        76.4869             4
           38        78.4869             4
           39        80.4869             4
           40        82.4869             4
           41        84.4869             4
           42        86.4869             4
           43        88.4869             4
           44        90.4869             4
           45        92.4869             4
           46        94.4869             4
           47        96.4869             4
           48        98.4869             4
           49        100.487             4
           50        102.487             4
           51        104.487             4
           52        106.487             4
           53        108.487             4
           54        110.487             4
           55        112.487             4
           56        114.487             4
           57        116.487             4
           58        118.487             4
           59        120.487             4
           60        122.487             4
           61        124.487             4
           62        126.487             4
           63        128.487             5
           64        130.487             5
           65        132.487             5
           66        134.487             5
           67        136.487             5
           68        138.487             5
           69        140.487             5
           70        142.487             5
           71        144.487             5
           72        146.487             5
           73        148.487             5
           74        150.487             5
           75        152.487             5
           76        154.487             5
           77        156.487             5
           78        158.487             5
           79        160.487             5
           80        162.487             5
           81        164.487             5
           82        166.487             5
           83        168.487             5
           84        170.487             5
           85        172.487             5
           86        174.487             5
           87        176.487             5
           88        178.487             5
           89        180.487             5
           90        182.487             5
           91        184.487             5
           92        186.487             5
           93        188.487             5
