Segment_Index Download_Request_Sent Download_Start Download_End Segment_Size averageBitrate Download_OK
            0               2.10535        2.19638      2.48692         3128       176392           1
            1               2.48692        2.57735       3.3133       243212       901744           1
            2                3.3133         3.4038      3.59723       402968       901744           1
            3               3.59723        3.68765      3.79057       457150       901744           1
            4               3.79057          3.881      3.91047       347976       901744           1
            5               3.91047        4.00092      4.02769       312058       901744           1
            6               4.02769        4.11807      4.13777       231512       901744           1
            7               4.13777        4.22827      4.24304       171470       901744           1
            8               4.24304        4.33348      4.35234       222158       901744           1
            9               4.35234        4.44284      4.45922       192482       901744           1
           10               4.45922         4.5497      4.56844       213442       901744           1
           11               4.56844        4.65889      4.67546       184750       901744           1
           12               4.84137        4.93166       4.9459       163092       901744           1
           13               5.29753        5.38782      5.39678       101006       901744           1
           14               6.12132         6.2116      6.22211       118826       901744           1
           15                7.2747        7.36499      7.38295       208244       901744           1
           16               8.71819        8.80848      8.83135       226456       901744           1
           17               10.2229        10.3132       10.335       242842       901744           1
           18               11.7978        11.8881      11.9123       275916       901744           1
           19               13.2536        13.3439      13.4414       574158  1.87586e+06           1
           20               16.0733        16.1636      16.2707       634288  1.87586e+06           1
           21               18.5111        18.6014      18.7442       986196  1.87586e+06           1
           22               20.9407        21.0312      21.1541       796780  1.87586e+06           1
           23               23.0033        23.0936      23.2118       776022  1.87586e+06           1
           24               24.7548        24.8451      24.9509       649422  1.87586e+06           1
           25                26.426        26.5163      26.6241       632654  1.87586e+06           1
           26               28.0265        28.1167      28.2174       610536  1.87586e+06           1
           27               29.5644        29.6547      29.7538       594824  1.87586e+06           1
           28               31.0468        31.1371      31.2321       540494  1.87586e+06           1
           29               32.6795        32.7698      32.8659       543780  1.87586e+06           1
           30               34.2593        34.3496      34.3815       372834  1.87586e+06           1
           31               35.9926        36.0829      36.1235       447436  1.87586e+06           1
           32               37.6772        37.7675      37.8611       544846  1.87586e+06           1
           33                39.519        39.6093      39.6338       282550  1.87586e+06           1
           34               41.3166        41.4069      41.5354       905140  3.93874e+06           1
           35               44.1293        44.2196      44.2608       490738  3.93874e+06           1
           36               46.8049        46.8951      46.9982       634470  3.93874e+06           1
           37               49.3793        49.4696       49.514       518874  3.93874e+06           1
           38               51.8706        51.9609      52.0526       529286  3.93874e+06           1
           39               54.0899        54.1802      54.2242       515898  3.93874e+06           1
           40                56.053        56.1433      56.2531       660316  3.93874e+06           1
           41               57.9706        58.0609      58.1678       669498  3.93874e+06           1
           42               59.8453        59.9356      60.0489       717700  3.93874e+06           1
           43               61.6796        61.7699      61.8728       643228  3.93874e+06           1
           44               63.4761        63.5664      63.5996       384562  3.93874e+06           1
           45               65.2374        65.3277      65.3688       477904  3.93874e+06           1
           46               66.9656        67.0559       67.157       589022  3.93874e+06           1
           47               68.6628        68.7531      68.8475       539598  3.93874e+06           1
           48                70.531        70.6212      70.7335       717554  3.93874e+06           1
           49               72.3672        72.4575      72.5015       521114  3.93874e+06           1
           50               74.1741        74.2644       74.297       345114  3.93874e+06           1
           51               75.9536        76.0439      76.0564       141080  3.93874e+06           1
           52               77.7075        77.7977      77.9291       958252  3.93874e+06           1
           53               79.6372        79.7275      80.0296      1787280  3.93874e+06           1
           54               81.5405        81.6308      81.9152      1613708  3.93874e+06           1
           55               83.4193        83.5096      83.8806      2125048  3.93874e+06           1
           56               85.2753        85.3656      85.6908      2015250  3.93874e+06           1
           57               87.1097           87.2      87.5116      1814240  3.93874e+06           1
           58               88.9237         89.014      89.2436      1498414  3.93874e+06           1
           59               90.7184        90.8087      90.9129       651980  3.93874e+06           1
           60               92.4946        92.5849      92.7994      1287846  3.93874e+06           1
           61               94.4533        94.5436      94.8404      1711582  3.93874e+06           1
           62               96.3926        96.4829      96.6156       915990  3.93874e+06           1
           63               98.3138        98.4041      98.7114      1810158  7.56482e+06           1
           64                101.05         101.14       101.55      2468234  7.56482e+06           1
           65               103.734        103.825       104.11      1644128  7.56482e+06           1
           66               106.375        106.465      106.677      1283582  7.56482e+06           1
           67               108.776        108.867      108.974       645554  7.56482e+06           1
           68               111.145        111.236      111.276       476182  7.56482e+06           1
           69               113.283        113.374      113.866      2849792  7.56482e+06           1
           70               115.395        115.486      116.036      3157680  7.56482e+06           1
           71               117.482        117.573      117.857      1655086  7.56482e+06           1
           72               119.345        119.435      119.845      2422030  7.56482e+06           1
           73               121.186        121.277      121.407       865194  7.56482e+06           1
           74               123.008        123.099      123.101        21740  7.56482e+06           1
           75                124.81        124.901      125.192      1672964  7.56482e+06           1
           76               126.794        126.884      127.471      3429076  7.56482e+06           1
           77               128.756        128.846      129.455      3619938  7.56482e+06           1
           78               130.698        130.788      131.385      3495936  7.56482e+06           1
           79               132.621        132.711       133.38      3793936  7.56482e+06           1
           80               134.525        134.615      135.232      3642068  7.56482e+06           1
           81               136.412        136.502      136.928      2613222  7.56482e+06           1
           82               138.282        138.372      138.789      2477740  7.56482e+06           1
           83               140.135        140.226      140.717      2844468  7.56482e+06           1
           84               141.973        142.063      142.452      2238952  7.56482e+06           1
           85               143.795        143.886      144.205      1856964  7.56482e+06           1
           86               145.603        145.693      146.059      2104104  7.56482e+06           1
           87               147.596        147.686       148.11      2565686  7.56482e+06           1
           88               149.573        149.663      150.214      3164702  7.56482e+06           1
           89               151.535        151.625      152.312      4017534  7.56482e+06           1
           90               153.482        153.572      154.074      2964310  7.56482e+06           1
           91               155.415        155.506      156.266      4405610  7.56482e+06           1
           92               157.335        157.425      157.941      3078792  7.56482e+06           1
           93               159.241        159.332      159.797      2660794  7.56482e+06           1
           94               161.135        161.225      162.007      4577932  7.56482e+06           1
           95               163.016        163.107        163.4      1670978  7.56482e+06           1
           96               164.886        164.976       165.49      3121956  7.56482e+06           1
           97               166.743        166.834       167.48      3711576  7.56482e+06           1
           98                168.79         168.88      169.249      2113830  7.56482e+06           1
           99               170.623        170.714      171.265      3165496  7.56482e+06           1
          100               172.646        172.737      173.412      3884196  7.56482e+06           1
          101               174.658        174.748      175.147      2339512  7.56482e+06           1
          102               176.657        176.748      176.974      1472964  7.56482e+06           1
          103               178.646        178.736      178.971      1552708  7.56482e+06           1
          104               180.624        180.715      181.001      1649486  7.56482e+06           1
          105               182.592        182.682      182.994      1928648  7.56482e+06           1
          106                184.55         184.64      185.102      2664290  7.56482e+06           1
          107               186.497        186.588      186.991      2382926  7.56482e+06           1
