Segment_Index Rep_Level Decision_Point_Of_Time Case DelayCase
            0         0                2.10535    0         0
            1         2                2.48692    0         0
            2         2                 3.3133    0         0
            3         2                3.59723    0         0
            4         2                3.79057    0         0
            5         2                3.91047    0         0
            6         2                4.02769    0         0
            7         2                4.13777    0         0
            8         2                4.24304    0         0
            9         2                4.35234    0         0
           10         2                4.45922    0         0
           11         2                4.56844    0         0
           12         2                4.67546    0         0
           13         2                 4.9459    0         0
           14         2                5.39678    0         0
           15         2                6.22211    0         0
           16         2                7.38295    0         0
           17         2                8.83135    0         0
           18         2                 10.335    0         0
           19         3                11.9123    0         0
           20         3                13.4414    0         0
           21         3                16.2707    0         0
           22         3                18.7442    0         0
           23         3                21.1541    0         0
           24         3                23.2118    0         0
           25         3                24.9509    0         0
           26         3                26.6241    0         0
           27         3                28.2174    0         0
           28         3                29.7538    0         0
           29         3                31.2321    0         0
           30         3                32.8659    0         0
           31         3                34.3815    0         0
           32         3                36.1235    0         0
           33         3                37.8611    0         0
           34         4                39.6338    0         0
           35         4                41.5354    0         0
           36         4                44.2608    0         0
           37         4                46.9982    0         0
           38         4                 49.514    0         0
           39         4                52.0526    0         0
           40         4                54.2242    0         0
           41         4                56.2531    0         0
           42         4                58.1678    0         0
           43         4                60.0489    0         0
           44         4                61.8728    0         0
           45         4                63.5996    0         0
           46         4                65.3688    0         0
           47         4                 67.157    0         0
           48         4                68.8475    0         0
           49         4                70.7335    0         0
           50         4                72.5015    0         0
           51         4                 74.297    0         0
           52         4                76.0564    0         0
           53         4                77.9291    0         0
           54         4                80.0296    0         0
           55         4                81.9152    0         0
           56         4                83.8806    0         0
           57         4                85.6908    0         0
           58         4                87.5116    0         0
           59         4                89.2436    0         0
           60         4                90.9129    0         0
           61         4                92.7994    0         0
           62         4                94.8404    0         0
           63         5                96.6156    0         0
           64         5                98.7114    0         0
           65         5                 101.55    0         0
           66         5                 104.11    0         0
           67         5                106.677    0         0
           68         5                108.974    0         0
           69         5                111.276    0         0
           70         5                113.866    0         0
           71         5                116.036    0         0
           72         5                117.857    0         0
           73         5                119.845    0         0
           74         5                121.407    0         0
           75         5                123.101    0         0
           76         5                125.192    0         0
           77         5                127.471    0         0
           78         5                129.455    0         0
           79         5                131.385    0         0
           80         5                 133.38    0         0
           81         5                135.232    0         0
           82         5                136.928    0         0
           83         5                138.789    0         0
           84         5                140.717    0         0
           85         5                142.452    0         0
           86         5                144.205    0         0
           87         5                146.059    0         0
           88         5                 148.11    0         0
           89         5                150.214    0         0
           90         5                152.312    0         0
           91         5                154.074    0         0
           92         5                156.266    0         0
           93         5                157.941    0         0
           94         5                159.797    0         0
           95         5                162.007    0         0
           96         5                  163.4    0         0
           97         5                 165.49    0         0
           98         5                 167.48    0         0
           99         5                169.249    0         0
          100         5                171.265    0         0
          101         5                173.412    0         0
          102         5                175.147    0         0
          103         5                176.974    0         0
          104         5                178.971    0         0
          105         5                181.001    0         0
          106         5                182.994    0         0
          107         5                185.102    0         0
          108         5                186.991    0         0
