Segment_Index Download_Request_Sent Download_Start Download_End Segment_Size averageBitrate Download_OK
            0               2.10535        2.19638      2.48692         3128       176392           1
            1               2.48692        2.57734      2.94338        44788       176392           1
            2               2.94338        3.03387      3.21787        83412       176392           1
            3               3.21787         3.3083       3.4022        92274       176392           1
            4                3.4022        3.49273      3.49808        56210       176392           1
            5               3.49808        3.58853      3.59378        56494       176392           1
            6               3.59378        3.68425       3.6891        43658       176392           1
            7                3.6891        3.77957      3.78298        32596       176392           1
            8               3.78298        3.87337      3.87719        41642       176392           1
            9               3.87719        3.96761      3.97095        33180       176392           1
           10               3.97095        4.06144      4.06514        38444       176392           1
           11               4.06514        4.15555      4.15947        33376       176392           1
           12               4.37083        4.46112      4.46432        32942       176392           1
           13               5.05987        5.15016      5.15244        22196       176392           1
           14               6.09953        6.18982      6.19227        25740       176392           1
           15               7.44736        7.53765      7.54186        44300       176392           1
           16               8.86448        8.95477      8.95974        42024       176392           1
           17               10.3512        10.4415       10.446        48390       176392           1
           18               11.7137         11.804      11.8093        56032       176392           1
           19               13.1783        13.2686      13.2736        54032       176392           1
           20               16.0109        16.1012      16.1072        54978       176392           1
           21               18.4544         18.545      18.5548       104786       176392           1
           22               20.8881        20.9784      20.9863        88554       176392           1
           23               22.9536        23.0441      23.0513        74040       176392           1
           24               24.7077         24.798      24.8035        58278       176392           1
           25                26.381        26.4713      26.4767        51942       176392           1
           26               27.9834        28.0737       28.079        54466       176392           1
           27                29.523        29.6133      29.6193        57920       176392           1
           28               31.2068        31.2971       31.302        50548       176392           1
           29               32.8321        32.9224      32.9272        50132       176392           1
           30               34.4061        34.4964      34.4999        35914       176392           1
           31               36.1345        36.2248      36.2291        43436       176392           1
           32                37.815        37.9053      37.9105        50348       176392           1
           33               39.4533        39.5436      39.5455        17618       176392           1
           34               41.2538        41.3441      41.3485        35476       176392           1
           35               44.0711        44.1614      44.1631        14770       176392           1
           36               46.7494        46.8397      46.8419        19032       176392           1
           37               49.5259        49.6162      49.6184        23214       176392           1
           38               52.0093        52.0996      52.1032        23874       176392           1
           39               54.2234        54.3137      54.3169        23626       176392           1
           40               56.1823        56.2726      56.2765        28048       176392           1
           41               58.0964        58.1867      58.1897        25910       176392           1
           42               59.9679        60.0582      60.0616        27172       176392           1
           43               61.7994        61.8898       61.893        27830       176392           1
           44               63.5935        63.6838      63.6854        14566       176392           1
           45               65.3524        65.4427      65.4451        20498       176392           1
           46               67.0785        67.1688      67.1714        25212       176392           1
           47               68.7737         68.864      68.8663        21066       176392           1
           48               70.6399        70.7302      70.7333        25702       176392           1
           49               72.4744        72.5647      72.5675        15526       176392           1
           50               74.2797          74.37      74.3724        14732       176392           1
           51               76.0576        76.1479      76.1486         4586       176392           1
           52               77.8101        77.9003      77.9028        25076       176392           1
           53               79.7384        79.8287      79.8349        59710       176392           1
           54               81.6404        81.7307       81.739        80200       176392           1
           55                83.518        83.6083      83.6183        93142       176392           1
           56               85.3729        85.4631      85.4723        90404       176392           1
           57               87.2062        87.2965      87.3018        56704       176392           1
           58               89.0191        89.1094      89.1156        56710       176392           1
           59               91.0128        91.1031      91.1057        25188       176392           1
           60               92.9853        93.0756      93.0815        56370       176392           1
           61                94.938        95.0283      95.0337        57462       176392           1
           62               96.8721        96.9624      96.9663        36636       176392           1
           63               99.6323        99.7225      99.7265        41498       176392           1
           64               102.339        102.429      102.436        49256       176392           1
           65                   105         105.09      105.095        36086       176392           1
           66               107.421        107.511      107.513        20736       176392           1
           67               109.808        109.898      109.902        28548       176392           1
           68               111.964        112.054       112.06        24040       176392           1
           69               113.893        113.983      113.987        44330       176392           1
           70               115.799        115.889      115.893        42074       176392           1
           71               117.683        117.773      117.776        31408       176392           1
           72               119.544        119.635      119.638        34858       176392           1
           73               121.385        121.476      121.478        22094       176392           1
           74               123.206        123.296      123.296         2796       176392           1
           75               125.006        125.096      125.102        54622       176392           1
           76               126.988        127.078      127.086        81862       176392           1
           77               128.948        129.038      129.046        94040       176392           1
           78               130.888        130.978      130.988        66898       176392           1
           79               132.809        132.899      132.907        82440       176392           1
           80               134.712        134.802      134.811        78726       176392           1
           81               136.597        136.687      136.701        95142       176392           1
           82               138.465        138.556      138.563        76192       176392           1
           83               140.317        140.407      140.416        84038       176392           1
           84               142.153        142.244      142.253        90522       176392           1
           85               143.974        144.064      144.071        71640       176392           1
           86                145.98         146.07      146.076        58264       176392           1
           87                147.97         148.06      148.066        49978       176392           1
           88               149.944        150.034      150.042        79054       176392           1
           89               151.903        151.993      152.001        82070       176392           1
           90               153.847        153.937      153.944        77228       176392           1
           91               155.778        155.868      155.877        99042       176392           1
           92               157.695        157.785      157.792        72644       176392           1
           93               159.599        159.689      159.695        62406       176392           1
           94                161.49         161.58      161.587        79684       176392           1
           95               163.369        163.459      163.464        29094       176392           1
           96               165.236        165.326      165.335        88842       176392           1
           97               167.092        167.182       167.19        85974       176392           1
           98               169.136        169.226      169.233        48720       176392           1
           99               171.167        171.258      171.263        59144       176392           1
          100               173.187        173.277      173.285        72972       176392           1
          101               175.195        175.285      175.289        46104       176392           1
          102               177.191        177.282      177.286        45178       176392           1
          103               179.177        179.268       179.27        26312       176392           1
          104               181.153        181.243      181.245        25598       176392           1
          105               183.117        183.208      183.211        36894       176392           1
          106               185.072        185.163      185.171        79762       176392           1
          107               187.018        187.108      187.114        69020       176392           1
          108               188.953        189.044      189.048        48820       176392           1
          109                190.88         190.97      190.973        30548       176392           1
          110               192.797        192.887       192.89        26146       176392           1
          111               194.706        194.796      194.798        23994       176392           1
          112               196.605        196.696      196.697        12224       176392           1
          113               198.497        198.587      198.589        11696       176392           1
          114                200.38         200.47      200.472        12276       176392           1
          115               202.255        202.346      202.347        14194       176392           1
          116               204.123        204.213      204.216        31302       176392           1
          117               206.182        206.273      206.276        36298       176392           1
          118               208.233        208.324      208.329        59268       176392           1
          119               210.276        210.366      210.372        56456       176392           1
          120               212.311        212.401      212.408        76406       176392           1
          121               214.337        214.428      214.433        55058       176392           1
          122               216.356        216.447      216.453        44538       176392           1
          123               218.368        218.458      218.461        24702       176392           1
          124               220.373        220.463      220.472        93498       176392           1
          125                222.37         222.46      222.469        98178       176392           1
          126                224.36        224.451      224.458        81998       176392           1
          127               226.344        226.434      226.442        93400       176392           1
          128               228.321        228.411      228.418        74280       176392           1
          129               230.291        230.381      230.387        62274       176392           1
          130               232.255        232.345      232.349        44244       176392           1
          131               234.212        234.303      234.307        40108       176392           1
          132               236.164        236.254      236.259        52166       176392           1
          133               238.109        238.199      238.205        48884       176392           1
          134               240.049        240.139      240.142        29734       176392           1
          135               241.982        242.072      242.077        40142       176392           1
          136                243.91            244      244.003        33368       176392           1
          137               245.832        245.923      245.928        45168       176392           1
          138               247.749        247.839      247.843        33810       176392           1
          139                249.66        249.751      249.755        43746       176392           1
          140               251.567        251.657       251.66        26816       176392           1
          141               254.468        254.558      254.562        41468       176392           1
          142               257.346        257.436      257.445        80300       176392           1
          143               260.205        260.295      260.301        64990       176392           1
          144               262.845        262.935      262.941        64958       176392           1
          145                265.47         265.56      265.566        60696       176392           1
          146               267.879        267.969      267.974        46818       176392           1
          147               270.075        270.165       270.17        50306       176392           1
          148               272.059        272.149      272.152        32004       176392           1
          149               274.032        274.123      274.127        27488       176392           1
          150               275.996        276.086       276.09        41278       176392           1
          151               277.948        278.038      278.043        41946       176392           1
          152                279.89        279.981      279.986        49376       176392           1
          153               281.822        281.912      281.917        45900       176392           1
          154               283.744        283.834      283.838        42748       176392           1
          155               285.655        285.746      285.748        28464       176392           1
          156               287.557        287.647       287.65        28446       176392           1
          157               289.449        289.539      289.545        62654       176392           1
          158               291.332        291.422      291.428        59458       176392           1
          159               293.205        293.295      293.299        33120       176392           1
          160               295.069        295.159      295.164        42218       176392           1
          161               297.124        297.214      297.222        82674       176392           1
          162               299.169        299.259      299.265        63882       176392           1
          163               301.203        301.294      301.298        44478       176392           1
          164               303.229        303.319      303.324        38636       176392           1
          165               305.245        305.335      305.338        35516       176392           1
          166               307.251        307.342      307.349        73540       176392           1
          167               309.249        309.339      309.345        65978       176392           1
          168               311.238        311.328      311.334        63916       176392           1
          169               313.218        313.308      313.312        40792       176392           1
          170                315.19         315.28      315.282        19212       176392           1
          171               317.153        317.243      317.246        24276       176392           1
          172               319.108        319.198      319.201        30198       176392           1
          173               321.055        321.145      321.147        24728       176392           1
          174               322.993        323.084      323.085        14770       176392           1
          175               324.924        325.015      325.016        17556       176392           1
          176               326.848        326.938      326.939        14726       176392           1
          177               328.763        328.853      328.856        11684       176392           1
          178               330.671        330.761      330.762         6630       176392           1
          179               332.572        332.662      332.663         5538       176392           1
          180               334.465        334.556      334.556         6360       176392           1
          181               336.351        336.442      336.442         7124       176392           1
          182               338.231        338.321      338.322         8220       176392           1
          183               340.103        340.193      340.194         8376       176392           1
          184               342.168        342.258       342.26        15726       176392           1
          185               344.226        344.316      344.317        11092       176392           1
          186               346.276        346.366      346.368        11278       176392           1
          187               348.318        348.408      348.411        20974       176392           1
          188               350.354        350.444      350.446        19852       176392           1
          189               352.382        352.472      352.479        74100       176392           1
          190               354.403        354.494      354.502        89036       176392           1
          191               356.418        356.508      356.517        87316       176392           1
          192               358.426        358.516      358.525        94966       176392           1
          193               360.227        360.317      360.326        88848       176392           1
          194               362.022        362.113      362.123       110198       176392           1
          195               363.812        363.902      363.909        65018       176392           1
          196               365.796        365.887       365.89        37536       176392           1
          197               367.774        367.864      367.866        12188       176392           1
          198               369.745        369.836      369.839        26070       176392           1
          199                371.71        371.801      371.803        20856       176392           1
          200               373.669         373.76      373.762        22958       176392           1
          201               375.623        375.713      375.715        21922       176392           1
          202                377.57         377.66      377.663        35856       176392           1
          203               379.511        379.601      379.604        29890       176392           1
          204               381.447        381.537      381.539        23744       176392           1
          205               383.376        383.467      383.469        18206       176392           1
          206               385.301        385.391      385.394        25584       176392           1
          207                387.22         387.31      387.312        24192       176392           1
          208               389.333        389.423      389.427        33970       176392           1
          209                391.44         391.53      391.533        31446       176392           1
          210               393.541        393.632      393.632         4310       176392           1
          211               395.637        395.727      395.728        10046       176392           1
          212               397.526        397.616      397.618        16976       176392           1
          213               399.411        399.501      399.503        21824       176392           1
          214                401.29        401.381      401.383        26016       176392           1
          215               403.165        403.256      403.258        25736       176392           1
          216               405.035        405.126      405.129        39942       176392           1
          217                 407.1        407.191      407.196        55574       176392           1
          218                409.16         409.25      409.251         2102       176392           1
          219               411.214        411.304      411.306        11340       176392           1
          220               413.263        413.353      413.355        11588       176392           1
          221               415.307        415.397      415.399        18214       176392           1
