Segment_Index Rep_Level Decision_Point_Of_Time Case DelayCase
            0         0                2.10535    0         0
            1         0                2.48692    0         0
            2         0                2.94338    0         0
            3         0                3.21787    0         0
            4         0                 3.4022    0         0
            5         0                3.49808    0         0
            6         0                3.59378    0         0
            7         0                 3.6891    0         0
            8         0                3.78298    0         0
            9         0                3.87719    0         0
           10         0                3.97095    0         0
           11         0                4.06514    0         0
           12         0                4.15947    0         0
           13         0                4.46432    0         0
           14         0                5.15244    0         0
           15         0                6.19227    0         0
           16         0                7.54186    0         0
           17         0                8.95974    0         0
           18         0                 10.446    0         0
           19         0                11.8093    0         0
           20         0                13.2736    0         0
           21         0                16.1072    0         0
           22         0                18.5548    0         0
           23         0                20.9863    0         0
           24         0                23.0513    0         0
           25         0                24.8035    0         0
           26         0                26.4767    0         0
           27         0                 28.079    0         0
           28         0                29.6193    0         0
           29         0                 31.302    0         0
           30         0                32.9272    0         0
           31         0                34.4999    0         0
           32         0                36.2291    0         0
           33         0                37.9105    0         0
           34         0                39.5455    0         0
           35         0                41.3485    0         0
           36         0                44.1631    0         0
           37         0                46.8419    0         0
           38         0                49.6184    0         0
           39         0                52.1032    0         0
           40         0                54.3169    0         0
           41         0                56.2765    0         0
           42         0                58.1897    0         0
           43         0                60.0616    0         0
           44         0                 61.893    0         0
           45         0                63.6854    0         0
           46         0                65.4451    0         0
           47         0                67.1714    0         0
           48         0                68.8663    0         0
           49         0                70.7333    0         0
           50         0                72.5675    0         0
           51         0                74.3724    0         0
           52         0                76.1486    0         0
           53         0                77.9028    0         0
           54         0                79.8349    0         0
           55         0                 81.739    0         0
           56         0                83.6183    0         0
           57         0                85.4723    0         0
           58         0                87.3018    0         0
           59         0                89.1156    0         0
           60         0                91.1057    0         0
           61         0                93.0815    0         0
           62         0                95.0337    0         0
           63         0                96.9663    0         0
           64         0                99.7265    0         0
           65         0                102.436    0         0
           66         0                105.095    0         0
           67         0                107.513    0         0
           68         0                109.902    0         0
           69         0                 112.06    0         0
           70         0                113.987    0         0
           71         0                115.893    0         0
           72         0                117.776    0         0
           73         0                119.638    0         0
           74         0                121.478    0         0
           75         0                123.296    0         0
           76         0                125.102    0         0
           77         0                127.086    0         0
           78         0                129.046    0         0
           79         0                130.988    0         0
           80         0                132.907    0         0
           81         0                134.811    0         0
           82         0                136.701    0         0
           83         0                138.563    0         0
           84         0                140.416    0         0
           85         0                142.253    0         0
           86         0                144.071    0         0
           87         0                146.076    0         0
           88         0                148.066    0         0
           89         0                150.042    0         0
           90         0                152.001    0         0
           91         0                153.944    0         0
           92         0                155.877    0         0
           93         0                157.792    0         0
           94         0                159.695    0         0
           95         0                161.587    0         0
           96         0                163.464    0         0
           97         0                165.335    0         0
           98         0                 167.19    0         0
           99         0                169.233    0         0
          100         0                171.263    0         0
          101         0                173.285    0         0
          102         0                175.289    0         0
          103         0                177.286    0         0
          104         0                 179.27    0         0
          105         0                181.245    0         0
          106         0                183.211    0         0
          107         0                185.171    0         0
          108         0                187.114    0         0
          109         0                189.048    0         0
          110         0                190.973    0         0
          111         0                 192.89    0         0
          112         0                194.798    0         0
          113         0                196.697    0         0
          114         0                198.589    0         0
          115         0                200.472    0         0
          116         0                202.347    0         0
          117         0                204.216    0         0
          118         0                206.276    0         0
          119         0                208.329    0         0
          120         0                210.372    0         0
          121         0                212.408    0         0
          122         0                214.433    0         0
          123         0                216.453    0         0
          124         0                218.461    0         0
          125         0                220.472    0         0
          126         0                222.469    0         0
          127         0                224.458    0         0
          128         0                226.442    0         0
          129         0                228.418    0         0
          130         0                230.387    0         0
          131         0                232.349    0         0
          132         0                234.307    0         0
          133         0                236.259    0         0
          134         0                238.205    0         0
          135         0                240.142    0         0
          136         0                242.077    0         0
          137         0                244.003    0         0
          138         0                245.928    0         0
          139         0                247.843    0         0
          140         0                249.755    0         0
          141         0                 251.66    0         0
          142         0                254.562    0         0
          143         0                257.445    0         0
          144         0                260.301    0         0
          145         0                262.941    0         0
          146         0                265.566    0         0
          147         0                267.974    0         0
          148         0                 270.17    0         0
          149         0                272.152    0         0
          150         0                274.127    0         0
          151         0                 276.09    0         0
          152         0                278.043    0         0
          153         0                279.986    0         0
          154         0                281.917    0         0
          155         0                283.838    0         0
          156         0                285.748    0         0
          157         0                 287.65    0         0
          158         0                289.545    0         0
          159         0                291.428    0         0
          160         0                293.299    0         0
          161         0                295.164    0         0
          162         0                297.222    0         0
          163         0                299.265    0         0
          164         0                301.298    0         0
          165         0                303.324    0         0
          166         0                305.338    0         0
          167         0                307.349    0         0
          168         0                309.345    0         0
          169         0                311.334    0         0
          170         0                313.312    0         0
          171         0                315.282    0         0
          172         0                317.246    0         0
          173         0                319.201    0         0
          174         0                321.147    0         0
          175         0                323.085    0         0
          176         0                325.016    0         0
          177         0                326.939    0         0
          178         0                328.856    0         0
          179         0                330.762    0         0
          180         0                332.663    0         0
          181         0                334.556    0         0
          182         0                336.442    0         0
          183         0                338.322    0         0
          184         0                340.194    0         0
          185         0                 342.26    0         0
          186         0                344.317    0         0
          187         0                346.368    0         0
          188         0                348.411    0         0
          189         0                350.446    0         0
          190         0                352.479    0         0
          191         0                354.502    0         0
          192         0                356.517    0         0
          193         0                358.525    0         0
          194         0                360.326    0         0
          195         0                362.123    0         0
          196         0                363.909    0         0
          197         0                 365.89    0         0
          198         0                367.866    0         0
          199         0                369.839    0         0
          200         0                371.803    0         0
          201         0                373.762    0         0
          202         0                375.715    0         0
          203         0                377.663    0         0
          204         0                379.604    0         0
          205         0                381.539    0         0
          206         0                383.469    0         0
          207         0                385.394    0         0
          208         0                387.312    0         0
          209         0                389.427    0         0
          210         0                391.533    0         0
          211         0                393.632    0         0
          212         0                395.728    0         0
          213         0                397.618    0         0
          214         0                399.503    0         0
          215         0                401.383    0         0
          216         0                403.258    0         0
          217         0                405.129    0         0
          218         0                407.196    0         0
          219         0                409.251    0         0
          220         0                411.306    0         0
          221         0                413.355    0         0
