Segment_Index Download_Request_Sent Download_Start Download_End Segment_Size averageBitrate Download_OK
            0               2.10535        2.19638      2.48692         3128       176392           1
            1               2.48692        2.57734      2.94338        44788       176392           1
            2               2.94338        3.03387      3.21787        83412       176392           1
            3               3.21787         3.3083       3.4022        92274       176392           1
            4                3.4022        3.49274      3.49809        56210       176392           1
            5               3.49809        3.58853      3.59379        56494       176392           1
            6               3.59379        3.68426       3.6891        43658       176392           1
            7                3.6891        3.77958      3.78299        32596       176392           1
            8               3.78299        3.87338      3.87721        41642       176392           1
            9               3.87721        3.96762      3.97097        33180       176392           1
           10               3.97097        4.06146      4.06515        38444       176392           1
           11               4.06515        4.15557      4.15948        33376       176392           1
           12               4.15948        4.24992       4.2531        32942       176392           1
           13                4.2531        4.34351      4.34612        22196       176392           1
           14               4.34612        4.43654      4.43908        25740       176392           1
           15               4.43908        4.52956      4.53373        44300       176392           1
           16               4.53373        4.62416      4.62862        42024       176392           1
           17               4.62862        4.71912      4.72372        48390       176392           1
           18               4.72372        4.81415      4.81925        56032       176392           1
           19               4.81925        4.90973      4.91499        54032       176392           1
           20                14.198        14.2883      14.2983       112556       347920           1
           21               14.2983        14.3888      14.4073       204056       347920           1
           22               16.7946        16.8849      16.8996       170788       347920           1
           23               17.8504        17.9407      17.9565       142026       347920           1
           24               20.7396        20.8299        20.84       114824       347920           1
           25               24.2487         24.339      24.3489       104946       347920           1
           26               24.3489        24.4394      24.4649       288064       901744           1
           27               26.7268        26.8171      26.8409       280296       901744           1
           28               29.9704        30.0607      30.0831       259990       901744           1
           29               30.8458        30.9361       30.962       260812       901744           1
           30               33.2848        33.3751       33.391       180962       901744           1
           31               33.9972        34.0875      34.1104       219144       901744           1
           32               35.1184        35.2087      35.3031       544846  1.87586e+06           1
           33               37.9671        38.0574       38.088       282550  1.87586e+06           1
           34               41.5897          41.68      41.7168       429728  1.87586e+06           1
           35               41.7168        41.8073      41.8272       231128  1.87586e+06           1
           36               45.3067         45.397      45.4216       288106  1.87586e+06           1
           37               48.1039        48.1942      48.2168       259568  1.87586e+06           1
           38               50.3978        50.4881      50.5826       529286  3.93874e+06           1
           39               50.5826         50.673      50.7189       515898  3.93874e+06           1
           40               51.4817         51.572      51.6829       660316  3.93874e+06           1
           41               54.8917         54.982       55.094       669498  3.93874e+06           1
           42               55.7844        55.8749      55.9846       717700  3.93874e+06           1
           43               57.5309        57.6212      57.7255       643228  3.93874e+06           1
           44               62.0212        62.1115      62.2306       769760  7.56482e+06           1
           45               63.4656        63.5559       63.694       998702  7.56482e+06           1
           46               63.7641        63.8544      64.0505      1138672  7.56482e+06           1
           47               66.8219        66.9121      67.1015      1103682  7.56482e+06           1
           48               69.3134        69.4037      69.6261      1441186  7.56482e+06           1
           49               71.7839        71.8742      72.0737      1162574  7.56482e+06           1
           50               72.9733        73.0636      73.3823      1922972  1.83613e+07           1
           51               74.5076        74.5979      74.7162       737200  1.83613e+07           1
           52               74.8532        74.9435      75.7715      4752738  1.83613e+07           1
           53                76.764        76.8543      78.3398      8527054  1.83613e+07           1
           54               81.3542        81.4445       82.781      7697808  1.83613e+07           1
           55                82.781        82.8714      84.5753      9737424  1.83613e+07           1
           56               84.5753        84.6658      86.2419      9012976  1.83613e+07           1
           57                87.469        87.5593      89.1891      9409366  1.83613e+07           1
           58               90.3121        90.4024      91.7449      7691190  1.83613e+07           1
           59               92.0093        92.0996      92.7055      3602870  1.83613e+07           1
           60               92.7055         92.796      94.0406      7112776  1.83613e+07           1
           61                 95.11        95.2002      96.7505      8926608  1.83613e+07           1
           62               96.7505        96.8409      97.6933      4893090  1.83613e+07           1
           63               97.9425        98.0328      98.7966      4411542  1.83613e+07           1
           64               102.073        102.164      103.213      6075804  1.83613e+07           1
           65               103.589        103.679      104.433      4308440  1.83613e+07           1
           66               104.433        104.524      105.115      3460970  1.83613e+07           1
           67               106.893        106.983      107.207      1426454  1.83613e+07           1
           68               108.689        108.779      108.961      1051374  1.83613e+07           1
           69               109.823        109.913      111.066      6650934  1.83613e+07           1
           70               112.921        113.011      114.394      7918856  1.83613e+07           1
           71               115.683        115.774      116.486      4176020  1.83613e+07           1
           72               117.711        117.801      120.054     12922748  4.10023e+07           1
           73               120.218        120.309      120.627      1923896  1.83613e+07           1
           74               120.627        120.717      120.721        37088  1.83613e+07           1
           75               123.245        123.336      123.942      3635360  1.83613e+07           1
           76                124.68         124.77      126.284      8654442  1.83613e+07           1
           77               126.284        126.374      127.902      8776046  1.83613e+07           1
           78               127.902        127.993      129.405      8102772  1.83613e+07           1
           79               129.405        129.495      131.192      9722294  1.83613e+07           1
           80               131.192        131.282      132.965      9609384  1.83613e+07           1
           81               136.067        136.157      137.069      5252370  1.83613e+07           1
           82               137.069        137.159      138.049      5225936  1.83613e+07           1
           83               138.049        138.139       139.27      6490310  1.83613e+07           1
           84               141.827        141.917      142.761      4852056  1.83613e+07           1
           85               142.761        142.851      143.555      4148502  1.83613e+07           1
           86               144.736        144.827      145.697      5010908  1.83613e+07           1
           87               147.866        147.956      149.205      7163198  1.83613e+07           1
           88               149.826        149.916      151.233      7585548  1.83613e+07           1
           89               151.233        151.324      153.093     10126692  1.83613e+07           1
           90               153.093        153.183      154.398      6930482  1.83613e+07           1
           91               156.133        156.223      158.161     11127882  1.83613e+07           1
           92               158.161        158.251      159.504      7279548  1.83613e+07           1
           93               159.504        159.595      160.702      6359458  1.83613e+07           1
           94               160.702        160.792      162.835     11685180  1.83613e+07           1
           95               164.254        164.344      166.967     15027888  4.10023e+07           1
           96               166.967        167.057      168.292      7127392  1.83613e+07           1
           97               168.292        168.382      169.789      7978342  1.83613e+07           1
           98               169.789         169.88      170.762      5155032  1.83613e+07           1
           99               172.173        172.264      173.663      8009532  1.83613e+07           1
          100               173.663        173.753      175.563     10367848  1.83613e+07           1
          101                176.06         176.15      177.174      5836330  1.83613e+07           1
          102                177.37         177.46      178.674      6921350  4.10023e+07           1
          103               178.674        178.764      179.466      4112218  1.83613e+07           1
          104               181.792        181.882      182.684      4706564  1.83613e+07           1
          105               183.094        183.184      184.041      4846722  1.83613e+07           1
          106               184.041        184.132       185.19      6111416  1.83613e+07           1
          107               185.985        186.075      187.047      5587704  1.83613e+07           1
          108               190.094        190.185      191.468      7334824  1.83613e+07           1
          109               191.468        191.558      193.581     11603680  4.10023e+07           1
          110               193.581        193.671      194.087      2488000  1.83613e+07           1
          111               196.392        196.482      196.806      2005750  1.83613e+07           1
          112               196.806        196.896      197.011       770086  1.83613e+07           1
          113               197.011        197.102      197.204       641594  1.83613e+07           1
          114               198.539         198.63      198.749       747634  1.83613e+07           1
          115               204.277        204.368      204.498       920510  1.83613e+07           1
          116               204.498        204.589      205.006      2547680  1.83613e+07           1
          117               206.789        206.879      207.534      3729996  1.83613e+07           1
          118               209.139        209.229      210.067      4815334  1.83613e+07           1
          119                212.19         212.28      212.767      2843380  1.83613e+07           1
          120               214.346        214.437      215.193      4299244  1.83613e+07           1
          121               215.193        215.284      215.842      3195050  1.83613e+07           1
          122               217.836        217.926       218.31      2242844  1.83613e+07           1
          123                218.31          218.4      218.597      1165214  1.83613e+07           1
          124                221.39         221.48      222.656      6800018  1.83613e+07           1
          125               224.421        224.511      225.384      5045272  1.83613e+07           1
          126               225.777        225.867      226.732      5010970  1.83613e+07           1
          127               226.732        226.822      227.641      4716982  1.83613e+07           1
          128               227.914        228.004      228.871      5041212  1.83613e+07           1
          129               228.917        229.007      229.778      4422072  1.83613e+07           1
          130               230.561        230.651      231.305      3766422  1.83613e+07           1
          131               236.226        236.317      236.866      3155806  1.83613e+07           1
          132               236.866        236.956       237.66      4153232  1.83613e+07           1
          133               238.927        239.017      239.768      4274608  1.83613e+07           1
          134               239.768        239.858      240.538      3903466  1.83613e+07           1
          135               243.278        243.368      244.102      4194944  1.83613e+07           1
          136               244.102        244.192      244.478      1640676  1.83613e+07           1
          137               246.057        246.148      246.629      2766674  1.83613e+07           1
          138               250.259        250.349      251.026      3932322  1.83613e+07           1
          139               251.026        251.117      251.845      4199492  1.83613e+07           1
          140               252.929        253.019      253.387      2107740  1.83613e+07           1
          141               253.742        253.833      254.535      4117966  1.83613e+07           1
          142               254.535        254.625      255.839      6963336  1.83613e+07           1
          143               259.379        259.469      260.435      5620138  1.83613e+07           1
          144               260.435        260.525      261.451      5305968  1.83613e+07           1
          145               261.451        261.541      262.481      5409740  1.83613e+07           1
          146               264.653        264.743      265.575      4772436  1.83613e+07           1
          147               265.596        265.687      266.747      6135164  1.83613e+07           1
          148               268.367        268.457      269.257      4579268  1.83613e+07           1
          149               269.257        269.348      269.654      1795422  1.83613e+07           1
          150               270.783        270.873      271.471      3444382  1.83613e+07           1
          151               273.709        273.799      274.403      3450010  1.83613e+07           1
          152               275.308        275.398      275.968      3269908  1.83613e+07           1
          153               279.615        279.705      280.301      3467588  1.83613e+07           1
          154               280.301        280.391      280.969      3308552  1.83613e+07           1
          155                284.21        284.301      284.684      2244422  1.83613e+07           1
          156               285.032        285.122      285.617      2926848  1.83613e+07           1
          157               285.617        285.708       286.67      5592628  1.83613e+07           1
          158               290.081        290.171      290.933      4413426  1.83613e+07           1
          159               292.459        292.549      293.035      2796880  1.83613e+07           1
          160               294.435        294.526      295.137      3660504  1.83613e+07           1
          161               296.155        296.245       297.56      7533248  1.83613e+07           1
          162               297.681        297.772       298.64      5010154  1.83613e+07           1
          163               300.438        300.529       301.47      5411976  1.83613e+07           1
          164                301.47         301.56      302.234      3869402  1.83613e+07           1
          165               302.234        302.325      303.078      4344394  1.83613e+07           1
          166               305.229        305.319      306.525      6905924  1.83613e+07           1
          167               307.124        307.214      308.256      5947576  1.83613e+07           1
          168               308.528        308.618      309.691      6182400  1.83613e+07           1
          169               311.001        311.091      312.221      6475082  1.83613e+07           1
          170               313.261        313.351      314.484      6455982  1.83613e+07           1
          171               314.484        314.574      316.154      9043636  4.10023e+07           1
          172               317.739        317.829      318.516      3994506  1.83613e+07           1
          173               318.786        318.877       319.61      4209008  1.83613e+07           1
          174               321.345        321.435      322.258      4729682  1.83613e+07           1
          175               324.485        324.575      324.884      1848218  1.83613e+07           1
          176               324.884        324.975        325.3      1983640  1.83613e+07           1
          177                 325.3         325.39      325.809      2567612  1.83613e+07           1
          178               327.594        327.685      328.921      7122338  4.10023e+07           1
          179               332.244        332.334      332.699      2106070  1.83613e+07           1
          180               332.699         332.79      333.254      2660432  1.83613e+07           1
          181                333.89         333.98      334.384      2403346  1.83613e+07           1
          182               334.949        335.039      335.271      1534600  1.83613e+07           1
          183               337.599        337.689      337.819       913140  1.83613e+07           1
          184               339.018        339.108      339.299      1110714  1.83613e+07           1
          185               341.695        341.785      341.976      1103382  1.83613e+07           1
          186               343.322        343.412      343.699      1653844  1.83613e+07           1
          187               347.045        347.136      347.814      3939210  1.83613e+07           1
          188               347.814        347.905       348.56      3738582  1.83613e+07           1
          189               352.399        352.489      354.168      9606526  1.83613e+07           1
          190               354.168        354.258      355.814      8941710  1.83613e+07           1
          191               355.814        355.904      357.595      9684976  1.83613e+07           1
          192               357.595        357.686      359.454     10111356  1.83613e+07           1
          193               359.454        359.544      361.082      8788462  1.83613e+07           1
          194               361.082        361.172      363.202     11637172  1.83613e+07           1
          195               363.202        363.293      364.681      7949250  1.83613e+07           1
          196               364.681        364.772      365.717      5374578  1.83613e+07           1
          197               367.339        367.429      368.022      3452472  1.83613e+07           1
          198               369.778        369.868      370.647      4571072  1.83613e+07           1
          199               372.205        372.296      372.683      2247484  1.83613e+07           1
          200               372.683        372.773      373.264      2899326  1.83613e+07           1
          201               374.035        374.125      374.539      2508070  1.83613e+07           1
          202               378.171        378.261      378.817      3180516  1.83613e+07           1
          203               378.817        378.908      379.211      1835380  1.83613e+07           1
          204               382.334        382.424      382.653      1493684  1.83613e+07           1
          205               382.653        382.743      382.962      1353300  1.83613e+07           1
          206               382.962        383.052      383.363      1930332  1.83613e+07           1
          207               386.211        386.301      386.603      1771204  1.83613e+07           1
          208               389.018        389.109      389.408      1765204  1.83613e+07           1
          209               389.693        389.783      390.153      2117030  1.83613e+07           1
          210               391.451        391.541      391.577       382526  1.83613e+07           1
          211               395.826        395.916      396.141      1477660  1.83613e+07           1
          212               396.579        396.669      397.032      2094178  1.83613e+07           1
          213               397.913        398.004      398.321      1983954  1.83613e+07           1
          214               402.421        402.511      403.019      3019654  1.83613e+07           1
          215               403.019        403.109      403.701      3459742  1.83613e+07           1
          216               405.121        405.212      405.916      4165700  1.83613e+07           1
          217               405.916        406.007      406.666      3760282  1.83613e+07           1
          218               407.151        407.242      407.252       118290  1.83613e+07           1
          219               411.848        411.938      412.269      2046476  1.83613e+07           1
