Segment_Index Rep_Level Decision_Point_Of_Time Case DelayCase
            0         0                2.10535    0         0
            1         0                2.48692    1         0
            2         0                2.94338    1         0
            3         0                3.21787    1         0
            4         0                 3.4022    1         0
            5         0                3.49809    1         0
            6         0                3.59379    1         0
            7         0                 3.6891    1         0
            8         0                3.78299    1         0
            9         0                 3.8772    1         0
           10         0                3.97096    1         0
           11         0                4.06515    1         0
           12         0                4.15948    1         0
           13         0                 4.2531    1         0
           14         0                4.34612    1         0
           15         0                4.43907    1         0
           16         0                4.53372    1         0
           17         0                4.62861    1         0
           18         0                4.72372    1         0
           19         0                4.81924    1         0
           20         1                4.91499    1         1
           21         1                14.2983    3         0
           22         1                14.4073    3         1
           23         1                16.8996    3         1
           24         1                17.9565    3         1
           25         1                  20.84    3         1
           26         2                24.3489    1         0
           27         2                24.4649    3         1
           28         2                26.8409    3         1
           29         2                30.0831    3         1
           30         2                 30.962    3         1
           31         2                 33.391    3         1
           32         3                34.1104    1         1
           33         3                35.3031    3         1
           34         3                 38.088    3         1
           35         3                41.7168    3         0
           36         3                41.8272    3         1
           37         3                45.4216    3         1
           38         4                48.2168    1         1
           39         4                50.5826    3         0
           40         4                50.7189    3         1
           41         4                51.6829    3         1
           42         4                 55.094    3         1
           43         4                55.9846    3         1
           44         5                57.7255    1         1
           45         5                62.2306    3         1
           46         5                 63.694    3         1
           47         5                64.0505    3         1
           48         5                67.1015    3         1
           49         5                69.6261    3         1
           50         6                72.0737    1         1
           51         6                73.3823    3         1
           52         6                74.7162    3         1
           53         6                75.7717    3         1
           54         6                78.3436    3         1
           55         6                 82.784    3         0
           56         6                84.5835    3         0
           57         6                86.2463    3         1
           58         6                89.1935    3         1
           59         6                91.7476    3         1
           60         6                92.7099    3         0
           61         6                94.0351    3         1
           62         6                96.7517    3         0
           63         6                97.6931    3         1
           64         6                98.7996    3         1
           65         6                103.222    3         1
           66         6                104.433    3         0
           67         6                105.113    3         1
           68         6                107.206    3         1
           69         6                108.962    3         1
           70         6                111.072    3         1
           71         6                 114.39    3         1
           72         7                 116.48    1         1
           73         6                120.056    1         1
           74         6                120.628    3         0
           75         6                120.722    3         1
           76         6                123.947    3         1
           77         6                 126.28    3         0
           78         6                127.899    3         0
           79         6                129.403    3         0
           80         6                131.191    3         0
           81         6                132.967    3         1
           82         6                137.071    3         0
           83         6                138.051    3         0
           84         6                139.278    3         1
           85         6                142.764    3         0
           86         6                143.559    3         1
           87         6                145.702    3         1
           88         6                149.203    3         1
           89         6                151.239    3         0
           90         6                153.102    3         0
           91         6                154.403    3         1
           92         6                158.168    3         0
           93         6                159.513    3         0
           94         6                160.712    3         0
           95         7                162.838    1         1
           96         6                 166.97    1         0
           97         6                168.299    3         0
           98         6                169.783    3         0
           99         6                170.757    3         1
          100         6                173.661    3         0
          101         6                175.555    3         1
          102         7                177.168    1         1
          103         6                178.674    1         0
          104         6                179.464    3         1
          105         6                182.682    3         1
          106         6                184.029    3         0
          107         6                185.184    3         1
          108         6                187.044    3         1
          109         7                191.458    1         0
          110         6                193.572    1         0
          111         6                194.079    3         1
          112         6                196.813    3         0
          113         6                197.021    3         0
          114         6                197.216    3         1
          115         6                198.745    3         1
          116         6                204.497    3         0
          117         6                205.007    3         1
          118         6                 207.53    3         1
          119         6                210.072    3         1
          120         6                212.777    3         1
          121         6                215.186    3         0
          122         6                215.834    3         1
          123         6                218.313    3         0
          124         6                218.599    3         1
          125         6                222.658    3         1
          126         6                225.381    3         1
          127         6                226.737    3         0
          128         6                227.649    3         1
          129         6                228.879    3         1
          130         6                229.776    3         1
          131         6                231.306    3         1
          132         6                236.865    3         0
          133         6                237.658    3         1
          134         6                 239.76    3         1
          135         6                240.539    3         1
          136         6                244.101    3         0
          137         6                244.476    3         1
          138         6                246.632    3         1
          139         6                251.032    3         0
          140         6                251.852    3         1
          141         6                253.387    3         1
          142         6                254.537    3         0
          143         6                255.841    3         1
          144         6                260.437    3         0
          145         6                261.455    3         0
          146         6                262.492    3         1
          147         6                265.575    3         1
          148         6                266.745    3         1
          149         6                269.246    3         0
          150         6                269.638    3         1
          151         6                271.459    3         1
          152         6                274.399    3         1
          153         6                275.967    3         1
          154         6                280.297    3         0
          155         6                280.967    3         1
          156         6                284.687    3         1
          157         6                285.623    3         0
          158         6                286.682    3         1
          159         6                290.938    3         1
          160         6                293.031    3         1
          161         6                295.136    3         1
          162         6                297.559    3         1
          163         6                298.634    3         1
          164         6                301.476    3         0
          165         6                302.242    3         0
          166         6                303.092    3         1
          167         6                306.525    3         1
          168         6                308.248    3         1
          169         6                309.689    3         1
          170         6                312.227    3         1
          171         7                314.477    1         0
          172         6                316.151    1         1
          173         6                318.512    3         1
          174         6                319.608    3         1
          175         6                322.257    3         1
          176         6                324.881    3         0
          177         6                325.295    3         0
          178         7                325.804    1         1
          179         6                328.927    1         1
          180         6                332.701    3         0
          181         6                333.255    3         1
          182         6                334.384    3         1
          183         6                335.269    3         1
          184         6                337.816    3         1
          185         6                339.298    3         1
          186         6                341.976    3         1
          187         6                343.699    3         1
          188         6                347.812    3         0
          189         6                348.554    3         1
          190         6                354.167    3         0
          191         6                355.811    3         0
          192         6                357.589    3         0
          193         6                359.453    3         0
          194         6                361.066    3         0
          195         6                 363.19    3         0
          196         6                364.666    3         0
          197         6                365.695    3         1
          198         6                368.032    3         1
          199         6                370.653    3         1
          200         6                372.685    3         0
          201         6                 373.27    3         1
          202         6                 374.54    3         1
          203         6                378.816    3         0
          204         6                379.217    3         1
          205         6                382.654    3         0
          206         6                382.959    3         0
          207         6                383.362    3         1
          208         6                386.602    3         1
          209         6                389.409    3         1
          210         6                390.151    3         1
          211         6                391.574    3         1
          212         6                396.144    3         1
          213         6                397.032    3         1
          214         6                398.327    3         1
          215         6                403.025    3         0
          216         6                403.715    3         1
          217         6                405.918    3         0
          218         6                406.665    3         1
          219         6                407.252    3         1
          220         6                412.264    3         0
          221         6                 412.81    3         1
