Segment_Index Playback_Start Quality_Level
            0        2.48692             0
            1        4.48692             0
            2        6.48692             0
            3        8.48692             0
            4        10.4869             0
            5        12.4869             0
            6        14.4869             0
            7        16.4869             0
            8        18.4869             0
            9        20.4869             0
           10        22.4869             0
           11        24.4869             0
           12        26.4869             0
           13        28.4869             0
           14        30.4869             0
           15        32.4869             0
           16        34.4869             0
           17        36.4869             0
           18        38.4869             0
           19        40.4869             0
           20        42.4869             1
           21        44.4869             1
           22        46.4869             1
           23        48.4869             1
           24        50.4869             1
           25        52.4869             1
           26        54.4869             2
           27        56.4869             2
           28        58.4869             2
           29        60.4869             2
           30        62.4869             2
           31        64.4869             2
           32        66.4869             3
           33        68.4869             3
           34        70.4869             3
           35        72.4869             3
           36        74.4869             3
           37        76.4869             3
           38        78.4869             4
           39        80.4869             4
           40        82.4869             4
           41        84.4869             4
           42        86.4869             4
           43        88.4869             4
           44        90.4869             5
           45        92.4869             5
           46        94.4869             5
           47        96.4869             5
           48        98.4869             5
           49        100.487             5
           50        102.487             6
           51        104.487             6
           52        106.487             6
           53        108.487             6
           54        110.487             6
           55        112.487             6
           56        114.487             6
           57        116.487             6
           58        118.487             6
           59        120.487             6
           60        122.487             6
           61        124.487             6
           62        126.487             6
           63        128.487             6
           64        130.487             6
           65        132.487             6
           66        134.487             6
           67        136.487             6
           68        138.487             6
           69        140.487             6
           70        142.487             6
           71        144.487             6
           72        146.487             7
           73        148.487             6
           74        150.487             6
           75        152.487             6
           76        154.487             6
           77        156.487             6
           78        158.487             6
           79        160.487             6
           80        162.487             6
           81        164.487             6
           82        166.487             6
           83        168.487             6
           84        170.487             6
           85        172.487             6
           86        174.487             6
           87        176.487             6
           88        178.487             6
           89        180.487             6
           90        182.487             6
           91        184.487             6
           92        186.487             6
           93        188.487             6
           94        190.487             6
           95        192.487             7
           96        194.487             6
           97        196.487             6
           98        198.487             6
           99        200.487             6
          100        202.487             6
          101        204.487             6
          102        206.487             7
          103        208.487             6
          104        210.487             6
          105        212.487             6
          106        214.487             6
          107        216.487             6
          108        218.487             6
          109        220.487             7
          110        222.487             6
          111        224.487             6
          112        226.487             6
          113        228.487             6
          114        230.487             6
          115        232.487             6
          116        234.487             6
          117        236.487             6
          118        238.487             6
          119        240.487             6
          120        242.487             6
          121        244.487             6
          122        246.487             6
          123        248.487             6
          124        250.487             6
          125        252.487             6
          126        254.487             6
          127        256.487             6
          128        258.487             6
          129        260.487             6
          130        262.487             6
          131        264.487             6
          132        266.487             6
          133        268.487             6
          134        270.487             6
          135        272.487             6
          136        274.487             6
          137        276.487             6
          138        278.487             6
          139        280.487             6
          140        282.487             6
          141        284.487             6
          142        286.487             6
          143        288.487             6
          144        290.487             6
          145        292.487             6
          146        294.487             6
          147        296.487             6
          148        298.487             6
          149        300.487             6
          150        302.487             6
          151        304.487             6
          152        306.487             6
          153        308.487             6
          154        310.487             6
          155        312.487             6
          156        314.487             6
          157        316.487             6
          158        318.487             6
          159        320.487             6
          160        322.487             6
          161        324.487             6
          162        326.487             6
          163        328.487             6
          164        330.487             6
          165        332.487             6
          166        334.487             6
          167        336.487             6
          168        338.487             6
          169        340.487             6
          170        342.487             6
          171        344.487             7
          172        346.487             6
          173        348.487             6
          174        350.487             6
          175        352.487             6
          176        354.487             6
          177        356.487             6
          178        358.487             7
          179        360.487             6
          180        362.487             6
          181        364.487             6
          182        366.487             6
          183        368.487             6
          184        370.487             6
          185        372.487             6
          186        374.487             6
          187        376.487             6
          188        378.487             6
          189        380.487             6
          190        382.487             6
          191        384.487             6
          192        386.487             6
          193        388.487             6
          194        390.487             6
          195        392.487             6
          196        394.487             6
          197        396.487             6
          198        398.487             6
          199        400.487             6
          200        402.487             6
          201        404.487             6
          202        406.487             6
          203        408.487             6
          204        410.487             6
          205        412.487             6
          206        414.487             6
          207        416.487             6
          208        418.487             6
          209        420.487             6
          210        422.487             6
          211        424.487             6
          212        426.487             6
          213        428.487             6
          214        430.487             6
          215        432.487             6
          216        434.487             6
          217        436.487             6
          218        438.487             6
          219        440.487             6
          220        442.487             6
          221        444.487             6
