Segment_Index Rep_Level Decision_Point_Of_Time Case DelayCase
            0         0                2.10535    0         0
            1         0                2.48692    1         0
            2         0                2.94338    1         0
            3         0                3.21787    1         0
            4         0                3.40221    1         0
            5         0                3.49809    1         0
            6         0                3.59379    1         0
            7         0                3.68911    1         0
            8         0                3.78299    1         0
            9         0                3.87721    1         0
           10         0                3.97097    1         0
           11         0                4.06515    1         0
           12         0                4.15949    1         0
           13         0                 4.2531    1         0
           14         0                4.34612    1         0
           15         0                4.43908    1         0
           16         0                4.53373    1         0
           17         0                4.62862    1         0
           18         0                4.72372    1         0
           19         0                4.81925    1         0
           20         0                  4.915    1         1
           21         0                14.2932    1         0
           22         0                14.3964    1         1
           23         0                16.8937    1         1
           24         0                17.9499    1         1
           25         0                20.8352    1         1
           26         0                24.3439    1         0
           27         0                24.4405    1         1
           28         0                26.8228    1         1
           29         0                30.0656    1         1
           30         0                30.9406    1         1
           31         0                33.3785    1         1
           32         0                34.0919    1         1
           33         0                35.2133    1         1
           34         0                38.0608    1         1
           35         0                41.6834    1         0
           36         0                41.7755    1         1
           37         0                45.3989    1         1
           38         0                48.1964    1         1
           39         0                50.4954    1         0
           40         0                50.5888    1         1
           41         0                51.5748    1         1
           42         0                54.9845    1         1
           43         0                55.8775    1         1
           44         0                57.6283    1         1
           45         0                62.1135    1         1
           46         0                63.5582    1         1
           47         0                63.8569    1         1
           48         0                66.9144    1         1
           49         0                69.4109    1         1
           50         0                71.8758    1         1
           51         0                73.0651    1         1
           52         0                74.5985    1         1
           53         0                74.9461    1         1
           54         0                76.8609    1         1
           55         0                81.4521    1         1
           56         0                82.6895    1         0
           57         0                 82.788    1         1
           58         0                87.5649    1         1
           59         0                90.4076    1         1
           60         0                92.1022    1         0
           61         0                92.1988    1         1
           62         0                 95.206    1         0
           63         0                95.3021    1         1
           64         0                98.0367    1         1
           65         0                102.168    1         1
           66         0                103.683    1         1
           67         0                104.005    1         1
           68         0                106.986    1         1
           69         0                108.781    1         1
           70         0                109.918    1         1
           71         0                113.015    1         1
           72         0                115.777    1         1
           73         0                117.805    1         1
           74         0                120.311    1         0
           75         0                120.402    1         1
           76         0                123.341    1         1
           77         0                124.778    1         1
           78         0                125.589    1         1
           79         0                127.677    1         1
           80         0                129.087    1         1
           81         0                130.883    1         1
           82         0                136.165    1         1
           83         0                137.108    1         1
           84         0                137.249    1         1
           85         0                141.925    1         0
           86         0                142.026    1         1
           87         0                144.832    1         1
           88         0                147.961    1         1
           89         0                149.925    1         1
           90         0                150.661    1         1
           91         0                152.969    1         1
           92         0                156.232    1         0
           93         0                 156.33    1         1
           94         0                159.483    1         1
           95         0                159.686    1         1
           96         0                164.347    1         0
           97         0                164.449    1         1
           98         0                166.595    1         1
           99         0                168.239    1         1
          100         0                 172.27    1         1
          101         0                173.414    1         1
          102         0                176.156    1         1
          103         0                177.465    1         1
          104         0                178.633    1         1
          105         0                181.885    1         1
          106         0                183.188    1         0
          107         0                183.287    1         1
          108         0                186.082    1         1
          109         0                190.189    1         0
          110         0                190.283    1         1
          111         0                192.581    1         1
          112         0                196.485    1         0
          113         0                196.577    1         0
          114         0                196.669    1         1
          115         0                198.631    1         1
          116         0                 204.37    1         0
          117         0                204.463    1         1
          118         0                206.884    1         1
          119         0                209.235    1         1
          120         0                212.285    1         1
          121         0                214.444    1         0
          122         0                 214.54    1         1
          123         0                 217.93    1         0
          124         0                218.023    1         1
          125         0                221.488    1         1
          126         0                 224.52    1         1
          127         0                225.875    1         0
          128         0                225.975    1         1
          129         0                228.011    1         1
          130         0                229.013    1         1
          131         0                230.655    1         1
          132         0                236.321    1         0
          133         0                236.416    1         1
          134         0                239.023    1         1
          135         0                239.856    1         1
          136         0                243.373    1         1
          137         0                243.627    1         1
          138         0                246.152    1         1
          139         0                250.353    1         0
          140         0                250.448    1         1
          141         0                253.021    1         1
          142         0                253.837    1         1
          143         0                254.627    1         1
          144         0                259.475    1         1
          145         0                259.846    1         1
          146         0                260.678    1         1
          147         0                264.748    1         1
          148         0                265.692    1         1
          149         0                268.461    1         1
          150         0                268.881    1         1
          151         0                270.878    1         1
          152         0                273.803    1         1
          153         0                275.403    1         1
          154         0                279.709    1         0
          155         0                279.804    1         1
          156         0                284.304    1         1
          157         0                285.125    1         0
          158         0                285.221    1         1
          159         0                290.177    1         1
          160         0                292.552    1         1
          161         0                 294.53    1         1
          162         0                296.252    1         1
          163         0                297.778    1         1
          164         0                300.533    1         0
          165         0                300.627    1         1
          166         0                301.051    1         1
          167         0                305.327    1         1
          168         0                 307.22    1         1
          169         0                308.624    1         1
          170         0                311.095    1         1
          171         0                313.354    1         0
          172         0                313.447    1         1
          173         0                317.833    1         1
          174         0                318.879    1         1
          175         0                321.437    1         1
          176         0                324.577    1         0
          177         0                324.669    1         1
          178         0                325.086    1         1
          179         0                327.685    1         1
          180         0                332.335    1         0
          181         0                332.426    1         1
          182         0                333.981    1         1
          183         0                335.041    1         1
          184         0                 337.69    1         1
          185         0                 339.11    1         1
          186         0                341.786    1         1
          187         0                343.414    1         1
          188         0                347.138    1         1
          189         0                347.823    1         1
          190         0                352.496    1         1
          191         0                353.116    1         1
          192         0                353.261    1         1
          193         0                357.649    1         1
          194         0                 358.31    1         1
          195         0                359.214    1         1
          196         0                361.237    1         1
          197         0                364.259    1         1
          198         0                 367.43    1         1
          199         0                 369.87    1         1
          200         0                372.298    1         0
          201         0                372.391    1         1
          202         0                374.127    1         1
          203         0                378.265    1         0
          204         0                378.358    1         1
          205         0                382.428    1         1
          206         0                382.604    1         0
          207         0                382.697    1         1
          208         0                386.304    1         1
          209         0                389.113    1         1
          210         0                389.786    1         1
          211         0                391.542    1         1
          212         0                395.918    1         1
          213         0                396.672    1         1
          214         0                398.006    1         1
          215         0                402.514    1         1
          216         0                402.686    1         1
          217         0                405.216    1         1
          218         0                405.352    1         1
          219         0                407.242    1         1
          220         0                411.939    1         0
          221         0                412.031    1         1
