Segment_Index Download_Request_Sent Download_Start Download_End Segment_Size averageBitrate Download_OK
            0               2.10535        2.19638      2.48692         3128       176392           1
            1               2.48692        2.57735      2.94338        44788       176392           1
            2               2.94338        3.03387      3.21787        83412       176392           1
            3               3.21787         3.3083      3.40221        92274       176392           1
            4               3.40221        3.49274      3.49809        56210       176392           1
            5               3.49809        3.58853      3.59379        56494       176392           1
            6               3.59379        3.68426      3.68911        43658       176392           1
            7               3.68911        3.77959      3.78299        32596       176392           1
            8               3.78299        3.87338      3.87721        41642       176392           1
            9               3.87721        3.96762      3.97097        33180       176392           1
           10               3.97097        4.06146      4.06515        38444       176392           1
           11               4.06515        4.15557      4.15949        33376       176392           1
           12               4.15949        4.24992       4.2531        32942       176392           1
           13                4.2531        4.34352      4.34612        22196       176392           1
           14               4.34612        4.43655      4.43908        25740       176392           1
           15               4.43908        4.52957      4.53373        44300       176392           1
           16               4.53373        4.62417      4.62862        42024       176392           1
           17               4.62862        4.71913      4.72372        48390       176392           1
           18               4.72372        4.81415      4.81925        56032       176392           1
           19               4.81925        4.90974        4.915        54032       176392           1
           20                14.198        14.2883      14.2932        54978       176392           1
           21               14.2932        14.3837      14.3964       104786       176392           1
           22               16.7946        16.8849      16.8937        88554       176392           1
           23               17.8504        17.9407      17.9499        74040       176392           1
           24               20.7396        20.8299      20.8352        58278       176392           1
           25               24.2487         24.339      24.3439        51942       176392           1
           26               24.3439        24.4344      24.4405        54466       176392           1
           27               26.7268        26.8171      26.8228        57920       176392           1
           28               29.9704        30.0607      30.0656        50548       176392           1
           29               30.8458        30.9361      30.9406        50132       176392           1
           30               33.2848        33.3751      33.3785        35914       176392           1
           31               33.9972        34.0875      34.0919        43436       176392           1
           32               35.1184        35.2087      35.2133        50348       176392           1
           33               37.9671        38.0574      38.0608        17618       176392           1
           34               41.5897          41.68      41.6834        35476       176392           1
           35               41.6834        41.7738      41.7755        14770       176392           1
           36               45.3067         45.397      45.3989        19032       176392           1
           37               48.1039        48.1942      48.1964        23214       176392           1
           38               50.3978        50.4881      50.4954        23874       176392           1
           39               50.4954        50.5859      50.5888        23626       176392           1
           40               51.4817         51.572      51.5748        28048       176392           1
           41               54.8917         54.982      54.9845        25910       176392           1
           42               55.7844        55.8747      55.8775        27172       176392           1
           43               57.5309        57.6212      57.6283        27830       176392           1
           44               62.0212        62.1115      62.1135        14566       176392           1
           45               63.4656        63.5559      63.5582        20498       176392           1
           46               63.7641        63.8544      63.8569        25212       176392           1
           47               66.8219        66.9121      66.9144        21066       176392           1
           48               69.3134        69.4037      69.4109        25702       176392           1
           49               71.7839        71.8742      71.8758        15526       176392           1
           50               72.9733        73.0636      73.0651        14732       176392           1
           51               74.5076        74.5979      74.5985         4586       176392           1
           52               74.8532        74.9435      74.9461        25076       176392           1
           53                76.764        76.8543      76.8609        59710       176392           1
           54               81.3542        81.4445      81.4521        80200       176392           1
           55                82.589        82.6793      82.6895        93142       176392           1
           56               82.6895        82.7799       82.788        90404       176392           1
           57                87.469        87.5593      87.5649        56704       176392           1
           58               90.3121        90.4024      90.4076        56710       176392           1
           59               92.0093        92.0996      92.1022        25188       176392           1
           60               92.1022        92.1927      92.1988        56370       176392           1
           61                 95.11        95.2003       95.206        57462       176392           1
           62                95.206        95.2964      95.3021        36636       176392           1
           63               97.9425        98.0328      98.0367        41498       176392           1
           64               102.073        102.164      102.168        49256       176392           1
           65               103.589        103.679      103.683        36086       176392           1
           66               103.912        104.002      104.005        20736       176392           1
           67               106.893        106.983      106.986        28548       176392           1
           68               108.689        108.779      108.781        24040       176392           1
           69               109.823        109.913      109.918        44330       176392           1
           70               112.921        113.011      113.015        42074       176392           1
           71               115.683        115.774      115.777        31408       176392           1
           72               117.711        117.801      117.805        34858       176392           1
           73               120.218        120.309      120.311        22094       176392           1
           74               120.311        120.401      120.402         2796       176392           1
           75               123.245        123.336      123.341        54622       176392           1
           76                124.68         124.77      124.778        81862       176392           1
           77               125.488        125.578      125.589        94040       176392           1
           78                127.58         127.67      127.677        66898       176392           1
           79                128.99         129.08      129.087        82440       176392           1
           80               130.785        130.875      130.883        78726       176392           1
           81               136.067        136.157      136.165        95142       176392           1
           82                137.01        137.101      137.108        76192       176392           1
           83               137.151        137.241      137.249        84038       176392           1
           84               141.827        141.917      141.925        90522       176392           1
           85               141.925        142.016      142.026        71640       176392           1
           86               144.736        144.827      144.832        58264       176392           1
           87               147.866        147.956      147.961        49978       176392           1
           88               149.826        149.916      149.925        79054       176392           1
           89               150.561        150.652      150.661        82070       176392           1
           90               152.871        152.961      152.969        77228       176392           1
           91               156.133        156.223      156.232        99042       176392           1
           92               156.232        156.324       156.33        72644       176392           1
           93               159.387        159.477      159.483        62406       176392           1
           94               159.589        159.679      159.686        79684       176392           1
           95               164.254        164.344      164.347        29094       176392           1
           96               164.347        164.438      164.449        88842       176392           1
           97               166.497        166.587      166.595        85974       176392           1
           98               168.143        168.234      168.239        48720       176392           1
           99               172.173        172.264       172.27        59144       176392           1
          100               173.316        173.406      173.414        72972       176392           1
          101                176.06         176.15      176.156        46104       176392           1
          102                177.37         177.46      177.465        45178       176392           1
          103                178.54        178.631      178.633        26312       176392           1
          104               181.792        181.882      181.885        25598       176392           1
          105               183.094        183.184      183.188        36894       176392           1
          106               183.188        183.279      183.287        79762       176392           1
          107               185.985        186.075      186.082        69020       176392           1
          108               190.094        190.185      190.189        48820       176392           1
          109               190.189         190.28      190.283        30548       176392           1
          110               192.488        192.578      192.581        26146       176392           1
          111               196.392        196.482      196.485        23994       176392           1
          112               196.485        196.576      196.577        12224       176392           1
          113               196.577        196.668      196.669        11696       176392           1
          114               198.539         198.63      198.631        12276       176392           1
          115               204.277        204.368       204.37        14194       176392           1
          116                204.37         204.46      204.463        31302       176392           1
          117               206.789        206.879      206.884        36298       176392           1
          118               209.139        209.229      209.235        59268       176392           1
          119                212.19         212.28      212.285        56456       176392           1
          120               214.346        214.437      214.444        76406       176392           1
          121               214.444        214.534       214.54        55058       176392           1
          122               217.836        217.926       217.93        44538       176392           1
          123                217.93        218.021      218.023        24702       176392           1
          124                221.39         221.48      221.488        93498       176392           1
          125               224.421        224.511       224.52        98178       176392           1
          126               225.777        225.867      225.875        81998       176392           1
          127               225.875        225.966      225.975        93400       176392           1
          128               227.914        228.004      228.011        74280       176392           1
          129               228.917        229.007      229.013        62274       176392           1
          130               230.561        230.651      230.655        44244       176392           1
          131               236.226        236.317      236.321        40108       176392           1
          132               236.321        236.411      236.416        52166       176392           1
          133               238.927        239.017      239.023        48884       176392           1
          134               239.763        239.853      239.856        29734       176392           1
          135               243.278        243.368      243.373        40142       176392           1
          136               243.533        243.624      243.627        33368       176392           1
          137               246.057        246.148      246.152        45168       176392           1
          138               250.259        250.349      250.353        33810       176392           1
          139               250.353        250.443      250.448        43746       176392           1
          140               252.929        253.019      253.021        26816       176392           1
          141               253.742        253.833      253.837        41468       176392           1
          142               254.529        254.619      254.627        80300       176392           1
          143               259.379        259.469      259.475        64990       176392           1
          144               259.749         259.84      259.846        64958       176392           1
          145               260.582        260.672      260.678        60696       176392           1
          146               264.653        264.743      264.748        46818       176392           1
          147               265.596        265.687      265.692        50306       176392           1
          148               268.367        268.457      268.461        32004       176392           1
          149               268.788        268.878      268.881        27488       176392           1
          150               270.783        270.873      270.878        41278       176392           1
          151               273.709        273.799      273.803        41946       176392           1
          152               275.308        275.398      275.403        49376       176392           1
          153               279.615        279.705      279.709        45900       176392           1
          154               279.709          279.8      279.804        42748       176392           1
          155                284.21        284.301      284.304        28464       176392           1
          156               285.032        285.122      285.125        28446       176392           1
          157               285.125        285.215      285.221        62654       176392           1
          158               290.081        290.171      290.177        59458       176392           1
          159               292.459        292.549      292.552        33120       176392           1
          160               294.435        294.526       294.53        42218       176392           1
          161               296.155        296.245      296.252        82674       176392           1
          162               297.681        297.772      297.778        63882       176392           1
          163               300.438        300.529      300.533        44478       176392           1
          164               300.533        300.623      300.627        38636       176392           1
          165               300.957        301.047      301.051        35516       176392           1
          166               305.229        305.319      305.327        73540       176392           1
          167               307.124        307.214       307.22        65978       176392           1
          168               308.528        308.618      308.624        63916       176392           1
          169               311.001        311.091      311.095        40792       176392           1
          170               313.261        313.351      313.354        19212       176392           1
          171               313.354        313.445      313.447        24276       176392           1
          172               317.739        317.829      317.833        30198       176392           1
          173               318.786        318.877      318.879        24728       176392           1
          174               321.345        321.435      321.437        14770       176392           1
          175               324.485        324.575      324.577        17556       176392           1
          176               324.577        324.667      324.669        14726       176392           1
          177               324.994        325.084      325.086        11684       176392           1
          178               327.594        327.685      327.685         6630       176392           1
          179               332.244        332.334      332.335         5538       176392           1
          180               332.335        332.425      332.426         6360       176392           1
          181                333.89         333.98      333.981         7124       176392           1
          182               334.949        335.039      335.041         8220       176392           1
          183               337.599        337.689       337.69         8376       176392           1
          184               339.018        339.108       339.11        15726       176392           1
          185               341.695        341.785      341.786        11092       176392           1
          186               343.322        343.412      343.414        11278       176392           1
          187               347.045        347.136      347.138        20974       176392           1
          188                347.73        347.821      347.823        19852       176392           1
          189               352.399        352.489      352.496        74100       176392           1
          190               353.017        353.108      353.116        89036       176392           1
          191               353.162        353.252      353.261        87316       176392           1
          192                357.55         357.64      357.649        94966       176392           1
          193               358.212        358.302       358.31        88848       176392           1
          194               359.113        359.204      359.214       110198       176392           1
          195               361.141        361.231      361.237        65018       176392           1
          196               364.165        364.255      364.259        37536       176392           1
          197               367.339        367.429       367.43        12188       176392           1
          198               369.778        369.868       369.87        26070       176392           1
          199               372.205        372.296      372.298        20856       176392           1
          200               372.298        372.388      372.391        22958       176392           1
          201               374.035        374.125      374.127        21922       176392           1
          202               378.171        378.261      378.265        35856       176392           1
          203               378.265        378.355      378.358        29890       176392           1
          204               382.334        382.424      382.428        23744       176392           1
          205               382.512        382.602      382.604        18206       176392           1
          206               382.604        382.695      382.697        25584       176392           1
          207               386.211        386.301      386.304        24192       176392           1
          208               389.018        389.109      389.113        33970       176392           1
          209               389.693        389.783      389.786        31446       176392           1
          210               391.451        391.541      391.542         4310       176392           1
          211               395.826        395.916      395.918        10046       176392           1
          212               396.579        396.669      396.672        16976       176392           1
          213               397.913        398.004      398.006        21824       176392           1
          214               402.421        402.511      402.514        26016       176392           1
          215               402.593        402.683      402.686        25736       176392           1
          216               405.121        405.212      405.216        39942       176392           1
          217               405.256        405.347      405.352        55574       176392           1
          218               407.151        407.242      407.242         2102       176392           1
          219               411.848        411.938      411.939        11340       176392           1
          220               411.939         412.03      412.031        11588       176392           1
          221               415.165        415.255      415.257        18214       176392           1
