Segment_Index Playback_Start Quality_Level
            0        2.48692             0
            1        4.48692             0
            2        6.48692             0
            3        8.48692             0
            4        10.4869             0
            5        12.4869             0
            6        14.4869             0
            7        16.4869             0
            8        18.4869             0
            9        20.4869             0
           10        22.4869             0
           11        24.4869             0
           12        26.4869             0
           13        28.4869             0
           14        30.4869             0
           15        32.4869             0
           16        34.4869             0
           17        36.4869             0
           18        38.4869             0
           19        40.4869             0
           20        42.4869             0
           21        44.4869             0
           22        46.4869             0
           23        48.4869             0
           24        50.4869             0
           25        52.4869             0
           26        54.4869             0
           27        56.4869             0
           28        58.4869             0
           29        60.4869             0
           30        62.4869             0
           31        64.4869             0
           32        66.4869             0
           33        68.4869             0
           34        70.4869             0
           35        72.4869             0
           36        74.4869             0
           37        76.4869             0
           38        78.4869             0
           39        80.4869             0
           40        82.4869             0
           41        84.4869             0
           42        86.4869             0
           43        88.4869             0
           44        90.4869             0
           45        92.4869             0
           46        94.4869             0
           47        96.4869             0
           48        98.4869             0
           49        100.487             0
           50        102.487             0
           51        104.487             0
           52        106.487             0
           53        108.487             0
           54        110.487             0
           55        112.487             0
           56        114.487             0
           57        116.487             0
           58        118.487             0
           59        120.487             0
           60        122.487             0
           61        124.487             0
           62        126.487             0
           63        128.487             0
           64        130.487             0
           65        132.487             0
           66        134.487             0
           67        136.487             0
           68        138.487             0
           69        140.487             0
           70        142.487             0
           71        144.487             0
           72        146.487             0
           73        148.487             0
           74        150.487             0
           75        152.487             0
           76        154.487             0
           77        156.487             0
           78        158.487             0
           79        160.487             0
           80        162.487             0
           81        164.487             0
           82        166.487             0
           83        168.487             0
           84        170.487             0
           85        172.487             0
           86        174.487             0
           87        176.487             0
           88        178.487             0
           89        180.487             0
           90        182.487             0
           91        184.487             0
           92        186.487             0
           93        188.487             0
           94        190.487             0
           95        192.487             0
           96        194.487             0
           97        196.487             0
           98        198.487             0
           99        200.487             0
          100        202.487             0
          101        204.487             0
          102        206.487             0
          103        208.487             0
          104        210.487             0
          105        212.487             0
          106        214.487             0
          107        216.487             0
          108        218.487             0
          109        220.487             0
          110        222.487             0
          111        224.487             0
          112        226.487             0
          113        228.487             0
          114        230.487             0
          115        232.487             0
          116        234.487             0
          117        236.487             0
          118        238.487             0
          119        240.487             0
          120        242.487             0
          121        244.487             0
          122        246.487             0
          123        248.487             0
          124        250.487             0
          125        252.487             0
          126        254.487             0
          127        256.487             0
          128        258.487             0
          129        260.487             0
          130        262.487             0
          131        264.487             0
          132        266.487             0
          133        268.487             0
          134        270.487             0
          135        272.487             0
          136        274.487             0
          137        276.487             0
          138        278.487             0
          139        280.487             0
          140        282.487             0
          141        284.487             0
          142        286.487             0
          143        288.487             0
          144        290.487             0
          145        292.487             0
          146        294.487             0
          147        296.487             0
          148        298.487             0
          149        300.487             0
          150        302.487             0
          151        304.487             0
          152        306.487             0
          153        308.487             0
          154        310.487             0
          155        312.487             0
          156        314.487             0
          157        316.487             0
          158        318.487             0
          159        320.487             0
          160        322.487             0
          161        324.487             0
          162        326.487             0
          163        328.487             0
          164        330.487             0
          165        332.487             0
          166        334.487             0
          167        336.487             0
          168        338.487             0
          169        340.487             0
          170        342.487             0
          171        344.487             0
          172        346.487             0
          173        348.487             0
          174        350.487             0
          175        352.487             0
          176        354.487             0
          177        356.487             0
          178        358.487             0
          179        360.487             0
          180        362.487             0
          181        364.487             0
          182        366.487             0
          183        368.487             0
          184        370.487             0
          185        372.487             0
          186        374.487             0
          187        376.487             0
          188        378.487             0
          189        380.487             0
          190        382.487             0
          191        384.487             0
          192        386.487             0
          193        388.487             0
          194        390.487             0
          195        392.487             0
          196        394.487             0
          197        396.487             0
          198        398.487             0
          199        400.487             0
          200        402.487             0
          201        404.487             0
          202        406.487             0
          203        408.487             0
          204        410.487             0
          205        412.487             0
          206        414.487             0
          207        416.487             0
          208        418.487             0
          209        420.487             0
          210        422.487             0
          211        424.487             0
          212        426.487             0
          213        428.487             0
          214        430.487             0
          215        432.487             0
          216        434.487             0
          217        436.487             0
          218        438.487             0
          219        440.487             0
          220        442.487             0
          221        444.487             0
