Segment_Index Rep_Level Decision_Point_Of_Time Case DelayCase
            0         0                2.10535    0         0
            1         0                2.48692    1         0
            2         0                2.94338    1         0
            3         0                3.21787    1         0
            4         0                 3.4022    1         0
            5         0                3.49809    1         0
            6         0                3.59379    1         0
            7         0                3.68911    1         0
            8         0                3.78299    1         0
            9         0                3.87721    1         0
           10         0                3.97097    1         0
           11         0                4.06515    1         0
           12         0                4.15949    1         0
           13         0                 4.2531    1         0
           14         0                4.34612    1         0
           15         0                4.43908    1         0
           16         0                4.53373    1         0
           17         0                4.62862    1         0
           18         0                4.72372    1         0
           19         0                4.81925    1         0
           20         1                  4.915    1         1
           21         1                14.2993    3         0
           22         1                14.4083    3         1
           23         1                16.9006    3         1
           24         1                17.9575    3         1
           25         1                 20.841    3         1
           26         2                24.3499    1         0
           27         2                24.4659    3         1
