Segment_Index Playback_Start Quality_Level
            0        2.48692             0
            1        4.48692             0
            2        6.48692             0
            3        8.48692             0
            4        10.4869             0
            5        12.4869             0
            6        14.4869             0
            7        16.4869             0
            8        18.4869             0
            9        20.4869             0
           10        22.4869             0
           11        24.4869             0
           12        26.4869             0
