Segment_Index Download_Request_Sent Download_Start Download_End Segment_Size averageBitrate Download_OK
            0               2.10535        2.19638      2.48692         3128       176392           1
            1               2.48692        2.57734      2.94338        44788       176392           1
            2               2.94338        3.03387      3.21787        83412       176392           1
            3               3.21787         3.3083       3.4022        92274       176392           1
            4                3.4022        3.49274      3.49809        56210       176392           1
            5               3.49809        3.58853      3.59379        56494       176392           1
            6               3.59379        3.68426      3.68911        43658       176392           1
            7               3.68911        3.77959      3.78299        32596       176392           1
            8               3.78299        3.87338      3.87721        41642       176392           1
            9               3.87721        3.96762      3.97097        33180       176392           1
           10               3.97097        4.06146      4.06515        38444       176392           1
           11               4.06515        4.15557      4.15949        33376       176392           1
           12               4.15949        4.24992       4.2531        32942       176392           1
           13                4.2531        4.34352      4.34612        22196       176392           1
           14               4.34612        4.43655      4.43908        25740       176392           1
           15               4.43908        4.52957      4.53373        44300       176392           1
           16               4.53373        4.62416      4.62862        42024       176392           1
           17               4.62862        4.71913      4.72372        48390       176392           1
           18               4.72372        4.81415      4.81925        56032       176392           1
           19               4.81925        4.90974        4.915        54032       176392           1
           20                14.199        14.2893      14.2993       112556       347920           1
           21               14.2993        14.3898      14.4083       204056       347920           1
           22               16.7956        16.8859      16.9006       170788       347920           1
           23               17.8514        17.9417      17.9575       142026       347920           1
           24               20.7406        20.8309       20.841       114824       347920           1
           25               24.2497          24.34      24.3499       104946       347920           1
           26               24.3499        24.4404      24.4659       288064       901744           1
