     Time_Now Bytes Received 
      2.19638          1446
      2.48669          1446
      2.48692           236
      2.57734          1446
       2.5781          1446
      2.57821          1446
      2.66872          1446
      2.66918          1446
      2.66928          1446
      2.75914          1446
      2.75938          1446
      2.75963          1446
      2.76006          1446
      2.76016          1446
      2.76026          1446
      2.85008          1446
      2.85034          1446
      2.85045          1446
      2.85094          1446
      2.85104          1446
      2.85114          1446
      2.85138          1446
      2.85148          1446
      2.85159          1446
      2.94096          1446
       2.9412          1446
      2.94164          1446
      2.94204          1446
       2.9423          1446
       2.9424          1446
      2.94269          1446
       2.9428          1446
       2.9429          1446
      2.94338          1408
      3.03387          1446
      3.03417          1446
      3.03427          1446
      3.03476          1446
      3.03486          1446
      3.03496          1446
      3.03506          1446
      3.03517          1446
      3.03564          1446
      3.03574          1446
      3.03585          1446
      3.03595          1446
      3.03605          1446
      3.03615          1446
      3.03625          1446
      3.03654          1446
      3.03665          1446
      3.03675          1446
      3.03685          1446
      3.12478          1446
      3.12503          1446
      3.12513          1446
      3.12566          1446
        3.126          1446
       3.1261          1446
      3.12652          1446
      3.12662          1446
      3.12672          1446
      3.12682          1446
      3.12692          1446
      3.12735          1446
      3.12745          1446
      3.12772          1446
      3.12782          1446
      3.12793          1446
      3.12833          1446
      3.12844          1446
      3.12854          1446
      3.12864          1446
      3.12874          1446
      3.12918          1446
      3.12928          1446
      3.12938          1446
      3.12948          1446
      3.12959          1446
      3.12969          1446
      3.21553          1446
      3.21582          1446
      3.21592          1446
      3.21619          1446
      3.21629          1446
       3.2164          1446
      3.21665          1446
      3.21715          1446
      3.21726          1446
       3.2177          1446
       3.2178          1446
      3.21787           990
       3.3083          1446
      3.30862          1446
      3.30872          1446
      3.30899          1446
       3.3091          1446
       3.3092          1446
      3.30967          1446
      3.30978          1446
      3.30988          1446
      3.30998          1446
      3.31008          1446
      3.31019          1446
      3.31061          1446
      3.31072          1446
      3.31082          1446
      3.31092          1446
      3.31102          1446
      3.31112          1446
      3.31122          1446
      3.31133          1446
      3.31159          1446
      3.31169          1446
      3.31179          1446
      3.31189          1446
        3.312          1446
       3.3121          1446
       3.3122          1446
       3.3123          1446
      3.31278          1446
      3.31288          1446
      3.31298          1446
      3.31309          1446
      3.31319          1446
      3.31329          1446
      3.31339          1446
      3.31349          1446
      3.31359          1446
       3.3137          1446
      3.31417          1446
      3.31427          1446
      3.31438          1446
      3.31448          1446
      3.31458          1446
      3.31468          1446
      3.31478          1446
      3.31488          1446
      3.31498          1446
      3.31509          1446
      3.39961          1446
      3.39986          1446
      3.39995          1446
      3.40021          1446
       3.4003          1446
      3.40039          1446
      3.40066          1446
      3.40075          1446
      3.40084          1446
      3.40127          1446
      3.40136          1446
      3.40145          1446
      3.40154          1446
      3.40164          1446
      3.40213          1446
       3.4022          1176
      3.49274          1446
      3.49301          1446
       3.4931          1446
      3.49336          1446
      3.49345          1446
      3.49355          1446
      3.49398          1446
      3.49408          1446
      3.49417          1446
      3.49426          1446
      3.49435          1446
      3.49473          1446
      3.49482          1446
      3.49491          1446
        3.495          1446
       3.4951          1446
      3.49519          1446
      3.49545          1446
      3.49554          1446
      3.49564          1446
      3.49573          1446
      3.49582          1446
      3.49591          1446
      3.49636          1446
      3.49645          1446
      3.49654          1446
      3.49663          1446
      3.49673          1446
      3.49682          1446
      3.49691          1446
        3.497          1446
      3.49746          1446
      3.49755          1446
      3.49764          1446
      3.49774          1446
      3.49783          1446
      3.49792          1446
      3.49801          1446
      3.49809          1262
      3.58853          1446
      3.58883          1446
      3.58892          1446
      3.58916          1446
      3.58925          1446
      3.58934          1446
      3.58977          1446
      3.58986          1446
      3.58995          1446
      3.59005          1446
      3.59014          1446
      3.59039          1446
      3.59048          1446
      3.59057          1446
      3.59066          1446
      3.59076          1446
      3.59126          1446
      3.59135          1446
      3.59144          1446
      3.59153          1446
      3.59162          1446
      3.59172          1446
      3.59181          1446
      3.59225          1446
      3.59235          1446
      3.59244          1446
      3.59253          1446
      3.59262          1446
      3.59271          1446
       3.5928          1446
      3.59289          1446
      3.59299          1446
      3.59323          1446
      3.59332          1446
      3.59341          1446
      3.59351          1446
       3.5936          1446
      3.59369          1446
      3.59378          1446
      3.59379           100
      3.68426          1446
      3.68453          1446
      3.68463          1446
       3.6849          1446
      3.68499          1446
      3.68508          1446
      3.68657          1446
      3.68667          1446
      3.68676          1446
      3.68685          1446
      3.68694          1446
      3.68703          1446
      3.68712          1446
      3.68721          1446
       3.6873          1446
       3.6874          1446
      3.68749          1446
      3.68758          1446
      3.68767          1446
      3.68776          1446
      3.68826          1446
      3.68835          1446
      3.68844          1446
      3.68853          1446
      3.68863          1446
      3.68872          1446
      3.68881          1446
       3.6889          1446
      3.68899          1446
      3.68908          1446
      3.68911           278
      3.77959          1446
      3.77987          1446
      3.77996          1446
       3.7802          1446
      3.78028          1446
      3.78037          1446
      3.78068          1446
      3.78077          1446
      3.78086          1446
      3.78095          1446
      3.78143          1446
      3.78152          1446
      3.78161          1446
       3.7817          1446
      3.78179          1446
      3.78188          1446
      3.78213          1446
      3.78222          1446
      3.78231          1446
       3.7824          1446
      3.78249          1446
      3.78259          1446
      3.78299           784
      3.87338          1446
      3.87365          1446
      3.87373          1446
      3.87396          1446
      3.87405          1446
      3.87449          1446
      3.87458          1446
      3.87466          1446
      3.87474          1446
      3.87483          1446
      3.87525          1446
      3.87534          1446
      3.87542          1446
       3.8755          1446
      3.87558          1446
      3.87566          1446
      3.87607          1446
      3.87615          1446
      3.87624          1446
      3.87632          1446
       3.8764          1446
      3.87648          1446
      3.87657          1446
      3.87681          1446
      3.87689          1446
      3.87698          1446
      3.87706          1446
      3.87714          1446
      3.87721          1154
      3.96762          1446
      3.96794          1446
      3.96802          1446
      3.96834          1446
      3.96843          1446
      3.96851          1446
      3.96859          1446
      3.96905          1446
      3.96913          1446
      3.96921          1446
      3.96929          1446
      3.96938          1446
      3.96963          1446
      3.96971          1446
      3.96979          1446
      3.96987          1446
      3.96996          1446
       3.9702          1446
      3.97028          1446
      3.97037          1446
      3.97045          1446
      3.97053          1446
      3.97097          1368
      4.06146          1446
      4.06173          1446
      4.06181          1446
      4.06207          1446
      4.06215          1446
      4.06223          1446
      4.06269          1446
      4.06278          1446
      4.06286          1446
      4.06294          1446
      4.06303          1446
      4.06342          1446
       4.0635          1446
      4.06359          1446
      4.06367          1446
      4.06375          1446
      4.06383          1446
       4.0641          1446
      4.06418          1446
      4.06426          1446
      4.06434          1446
      4.06443          1446
      4.06485          1446
      4.06494          1446
      4.06502          1446
       4.0651          1446
      4.06515           848
      4.15557          1446
       4.1558          1446
      4.15608          1446
      4.15616          1446
      4.15625          1446
       4.1567          1446
      4.15679          1446
      4.15687          1446
      4.15695          1446
      4.15704          1446
      4.15816          1446
      4.15824          1446
      4.15832          1446
      4.15841          1446
      4.15849          1446
      4.15857          1446
      4.15865          1446
      4.15873          1446
      4.15881          1446
       4.1589          1446
      4.15898          1446
      4.15906          1446
      4.15947          1446
      4.15949           118
      4.24992          1446
      4.25016          1446
      4.25025          1446
      4.25061          1446
       4.2507          1446
      4.25078          1446
      4.25126          1446
      4.25134          1446
      4.25142          1446
       4.2515          1446
      4.25159          1446
      4.25167          1446
      4.25212          1446
       4.2522          1446
      4.25228          1446
      4.25237          1446
      4.25245          1446
      4.25253          1446
      4.25261          1446
      4.25287          1446
      4.25295          1446
      4.25303          1446
       4.2531          1130
      4.34352          1446
      4.34377          1446
      4.34386          1446
      4.34504          1446
      4.34512          1446
       4.3452          1446
      4.34528          1446
      4.34536          1446
      4.34545          1446
      4.34553          1446
      4.34561          1446
      4.34569          1446
      4.34578          1446
        4.346          1446
      4.34609          1446
      4.34612           506
      4.43655          1446
      4.43676          1446
      4.43698          1446
      4.43706          1446
      4.43731          1446
      4.43739          1446
      4.43747          1446
      4.43792          1446
      4.43801          1446
      4.43809          1446
      4.43817          1446
      4.43826          1446
      4.43868          1446
      4.43877          1446
      4.43885          1446
      4.43893          1446
      4.43901          1446
      4.43908          1158
      4.52957          1446
      4.52984          1446
      4.52993          1446
      4.53019          1446
      4.53027          1446
      4.53036          1446
      4.53059          1446
      4.53067          1446
      4.53076          1446
      4.53115          1446
      4.53123          1446
      4.53131          1446
      4.53139          1446
      4.53148          1446
      4.53188          1446
      4.53196          1446
      4.53204          1446
      4.53213          1446
      4.53221          1446
      4.53229          1446
      4.53257          1446
      4.53265          1446
      4.53274          1446
      4.53282          1446
       4.5329          1446
      4.53298          1446
      4.53343          1446
      4.53351          1446
      4.53359          1446
      4.53367          1446
      4.53373           920
      4.62416          1446
       4.6245          1446
      4.62458          1446
      4.62503          1446
      4.62511          1446
      4.62519          1446
      4.62527          1446
      4.62536          1446
      4.62681          1446
      4.62689          1446
      4.62697          1446
      4.62706          1446
      4.62714          1446
      4.62722          1446
       4.6273          1446
      4.62738          1446
      4.62747          1446
      4.62755          1446
      4.62763          1446
      4.62771          1446
      4.62779          1446
      4.62788          1446
      4.62796          1446
       4.6282          1446
      4.62828          1446
      4.62836          1446
      4.62845          1446
      4.62853          1446
      4.62861          1446
      4.62862            90
      4.71913          1446
      4.71938          1446
      4.71946          1446
      4.71978          1446
      4.71986          1446
      4.71994          1446
      4.72042          1446
      4.72051          1446
      4.72059          1446
      4.72067          1446
      4.72076          1446
      4.72111          1446
      4.72119          1446
      4.72127          1446
      4.72135          1446
      4.72143          1446
      4.72152          1446
      4.72174          1446
      4.72182          1446
       4.7219          1446
      4.72198          1446
      4.72207          1446
      4.72235          1446
      4.72243          1446
      4.72251          1446
       4.7226          1446
      4.72268          1446
      4.72291          1446
      4.72299          1446
      4.72307          1446
      4.72316          1446
      4.72324          1446
      4.72368          1446
      4.72372           672
      4.81415          1446
      4.81445          1446
      4.81453          1446
      4.81498          1446
      4.81506          1446
      4.81514          1446
      4.81523          1446
      4.81547          1446
      4.81555          1446
      4.81564          1446
      4.81572          1446
      4.81581          1446
      4.81625          1446
      4.81633          1446
      4.81642          1446
       4.8165          1446
      4.81658          1446
      4.81666          1446
      4.81713          1446
      4.81722          1446
       4.8173          1446
      4.81738          1446
      4.81746          1446
      4.81754          1446
      4.81763          1446
      4.81788          1446
      4.81796          1446
      4.81805          1446
      4.81813          1446
      4.81821          1446
      4.81829          1446
      4.81837          1446
      4.81877          1446
      4.81886          1446
      4.81894          1446
      4.81902          1446
       4.8191          1446
      4.81919          1446
      4.81925          1084
      4.90974          1446
      4.90996          1446
      4.91019          1446
      4.91028          1446
       4.9105          1446
      4.91059          1446
      4.91067          1446
       4.9111          1446
      4.91118          1446
      4.91126          1446
      4.91134          1446
      4.91143          1446
      4.91188          1446
      4.91196          1446
      4.91205          1446
      4.91213          1446
      4.91221          1446
      4.91229          1446
      4.91275          1446
      4.91283          1446
      4.91291          1446
      4.91299          1446
      4.91308          1446
      4.91316          1446
      4.91324          1446
      4.91332          1446
      4.91373          1446
      4.91382          1446
       4.9139          1446
      4.91398          1446
      4.91406          1446
      4.91415          1446
      4.91423          1446
      4.91431          1446
       4.9148          1446
      4.91488          1446
      4.91496          1446
        4.915           530
      14.2893          1446
      14.2895          1446
      14.2896          1446
      14.2898          1446
      14.2899          1446
      14.2904          1446
      14.2905          1446
      14.2906          1446
      14.2906          1446
      14.2907          1446
       14.291          1446
      14.2911          1446
      14.2911          1446
      14.2912          1446
      14.2913          1446
      14.2916          1446
      14.2917          1446
      14.2917          1446
      14.2918          1446
      14.2919          1446
      14.2923          1446
      14.2924          1446
      14.2925          1446
      14.2926          1446
      14.2927          1446
      14.2928          1446
      14.2932          1446
      14.2932          1446
      14.2933          1446
      14.2934          1446
      14.2935          1446
      14.2936          1446
      14.2937          1446
      14.2939          1446
       14.294          1446
       14.294          1446
      14.2941          1446
      14.2942          1446
      14.2943          1446
      14.2948          1446
      14.2948          1446
      14.2949          1446
       14.295          1446
      14.2951          1446
      14.2952          1446
      14.2952          1446
      14.2955          1446
      14.2956          1446
      14.2957          1446
      14.2958          1446
      14.2959          1446
      14.2959          1446
       14.296          1446
      14.2965          1446
      14.2965          1446
      14.2966          1446
      14.2967          1446
      14.2968          1446
      14.2969          1446
       14.297          1446
      14.2972          1446
      14.2973          1446
      14.2973          1446
      14.2974          1446
      14.2975          1446
      14.2976          1446
      14.2981          1446
      14.2982          1446
      14.2982          1446
      14.2983          1446
      14.2984          1446
      14.2985          1446
      14.2986          1446
      14.2987          1446
       14.299          1446
      14.2991          1446
      14.2992          1446
      14.2993          1214
      14.3898          1446
      14.3904          1446
      14.3909          1446
      14.3912          1446
      14.3913          1446
      14.3914          1446
      14.3914          1446
      14.3915          1446
      14.3916          1446
      14.3917          1446
      14.3918          1446
      14.3919          1446
      14.3922          1446
      14.3923          1446
      14.3924          1446
      14.3925          1446
      14.3926          1446
      14.3926          1446
      14.3927          1446
      14.3928          1446
      14.3929          1446
      14.3932          1446
      14.3933          1446
      14.3933          1446
      14.3934          1446
      14.3935          1446
      14.3936          1446
      14.3937          1446
      14.3938          1446
      14.3942          1446
      14.3943          1446
      14.3944          1446
      14.3945          1446
      14.3946          1446
      14.3946          1446
      14.3947          1446
      14.3948          1446
      14.3949          1446
      14.3952          1446
      14.3952          1446
      14.3953          1446
      14.3954          1446
      14.3955          1446
      14.3956          1446
      14.3957          1446
      14.3961          1446
      14.3962          1446
      14.3963          1446
      14.3964          1446
      14.3965          1446
      14.3965          1446
      14.3966          1446
      14.3967          1446
      14.3968          1446
       14.397          1446
      14.3971          1446
      14.3972          1446
      14.3973          1446
      14.3974          1446
      14.3975          1446
      14.3975          1446
      14.3981          1446
      14.3981          1446
      14.3982          1446
      14.3983          1446
      14.3984          1446
      14.3985          1446
      14.3985          1446
      14.3986          1446
      14.3987          1446
      14.3992          1446
      14.3993          1446
      14.3993          1446
      14.3994          1446
      14.3995          1446
      14.3996          1446
      14.3997          1446
      14.3997          1446
      14.3998          1446
      14.4001          1446
      14.4001          1446
      14.4002          1446
      14.4003          1446
      14.4004          1446
      14.4005          1446
      14.4005          1446
       14.401          1446
      14.4011          1446
      14.4011          1446
      14.4012          1446
      14.4013          1446
      14.4014          1446
      14.4015          1446
      14.4016          1446
      14.4018          1446
      14.4019          1446
      14.4019          1446
       14.402          1446
      14.4021          1446
      14.4022          1446
      14.4023          1446
      14.4025          1446
      14.4026          1446
      14.4027          1446
      14.4027          1446
      14.4028          1446
      14.4029          1446
      14.4034          1446
      14.4035          1446
      14.4035          1446
      14.4036          1446
      14.4037          1446
      14.4038          1446
      14.4039          1446
      14.4043          1446
      14.4044          1446
      14.4045          1446
      14.4045          1446
      14.4046          1446
      14.4047          1446
      14.4048          1446
      14.4049          1446
      14.4053          1446
      14.4054          1446
      14.4055          1446
      14.4056          1446
      14.4056          1446
      14.4057          1446
      14.4058          1446
      14.4059          1446
      14.4063          1446
      14.4064          1446
      14.4064          1446
      14.4065          1446
      14.4066          1446
      14.4067          1446
      14.4068          1446
      14.4069          1446
      14.4081          1446
      14.4082          1446
      14.4083          1446
      14.4083           170
      16.8859          1446
      16.8862          1446
      16.8863          1446
      16.8868          1446
      16.8873          1446
      16.8877          1446
      16.8881          1446
      16.8882          1446
      16.8883          1446
      16.8884          1446
      16.8884          1446
      16.8885          1446
      16.8886          1446
      16.8887          1446
      16.8888          1446
      16.8889          1446
      16.8889          1446
       16.889          1446
      16.8891          1446
      16.8895          1446
      16.8896          1446
      16.8897          1446
      16.8898          1446
      16.8898          1446
      16.8899          1446
        16.89          1446
      16.8901          1446
      16.8902          1446
      16.8903          1446
      16.8903          1446
      16.8904          1446
      16.8907          1446
      16.8908          1446
      16.8909          1446
       16.891          1446
      16.8911          1446
      16.8911          1446
      16.8912          1446
      16.8913          1446
      16.8914          1446
      16.8915          1446
      16.8919          1446
       16.892          1446
      16.8921          1446
      16.8922          1446
      16.8922          1446
      16.8923          1446
      16.8924          1446
      16.8925          1446
      16.8926          1446
      16.8927          1446
      16.8931          1446
      16.8932          1446
      16.8932          1446
      16.8933          1446
      16.8934          1446
      16.8935          1446
      16.8936          1446
      16.8937          1446
      16.8937          1446
      16.8938          1446
      16.8941          1446
      16.8941          1446
      16.8942          1446
      16.8943          1446
      16.8944          1446
      16.8945          1446
      16.8945          1446
      16.8946          1446
      16.8949          1446
      16.8949          1446
       16.895          1446
      16.8951          1446
      16.8952          1446
      16.8953          1446
      16.8954          1446
      16.8958          1446
      16.8959          1446
       16.896          1446
      16.8961          1446
      16.8961          1446
      16.8962          1446
      16.8963          1446
      16.8964          1446
      16.8969          1446
       16.897          1446
       16.897          1446
      16.8971          1446
      16.8972          1446
      16.8973          1446
      16.8974          1446
      16.8974          1446
      16.8977          1446
      16.8978          1446
      16.8979          1446
       16.898          1446
       16.898          1446
      16.8981          1446
      16.8982          1446
      16.8984          1446
      16.8985          1446
      16.8986          1446
      16.8987          1446
      16.8987          1446
      16.8988          1446
      16.8992          1446
      16.8993          1446
      16.8994          1446
      16.8995          1446
      16.8996          1446
      16.8997          1446
      16.8997          1446
      16.9002          1446
      16.9003          1446
      16.9003          1446
      16.9004          1446
      16.9005          1446
      16.9006          1446
      16.9006           160
      17.9417          1446
       17.942          1446
      17.9421          1446
      17.9425          1446
      17.9426          1446
      17.9427          1446
      17.9428          1446
      17.9431          1446
      17.9431          1446
      17.9432          1446
      17.9433          1446
      17.9434          1446
      17.9443          1446
      17.9444          1446
      17.9445          1446
      17.9446          1446
      17.9447          1446
      17.9447          1446
      17.9448          1446
      17.9449          1446
       17.945          1446
      17.9451          1446
      17.9454          1446
      17.9455          1446
      17.9456          1446
      17.9456          1446
      17.9457          1446
      17.9458          1446
      17.9459          1446
       17.946          1446
       17.946          1446
      17.9464          1446
      17.9465          1446
      17.9466          1446
      17.9467          1446
      17.9468          1446
      17.9468          1446
      17.9469          1446
       17.947          1446
      17.9471          1446
      17.9473          1446
      17.9474          1446
      17.9475          1446
      17.9476          1446
      17.9476          1446
      17.9477          1446
      17.9478          1446
      17.9483          1446
      17.9484          1446
      17.9485          1446
      17.9486          1446
      17.9487          1446
      17.9488          1446
      17.9488          1446
      17.9489          1446
       17.949          1446
      17.9503          1446
      17.9512          1446
      17.9522          1446
      17.9531          1446
      17.9541          1446
      17.9545          1446
      17.9546          1446
      17.9547          1446
      17.9548          1446
      17.9548          1446
      17.9549          1446
       17.955          1446
      17.9551          1446
      17.9552          1446
      17.9553          1446
      17.9553          1446
      17.9554          1446
      17.9555          1446
      17.9556          1446
      17.9557          1446
      17.9557          1446
      17.9558          1446
      17.9559          1446
       17.956          1446
      17.9561          1446
      17.9562          1446
      17.9562          1446
      17.9563          1446
      17.9564          1446
      17.9565          1446
      17.9566          1446
      17.9566          1446
      17.9567          1446
      17.9568          1446
      17.9569          1446
       17.957          1446
      17.9571          1446
      17.9571          1446
      17.9572          1446
      17.9573          1446
      17.9574          1446
      17.9575          1446
      17.9575           318
      20.8309          1446
      20.8312          1446
      20.8313          1446
      20.8317          1446
      20.8318          1446
      20.8318          1446
      20.8319          1446
      20.8322          1446
      20.8322          1446
      20.8323          1446
      20.8324          1446
      20.8328          1446
      20.8329          1446
       20.833          1446
       20.833          1446
      20.8331          1446
      20.8347          1446
      20.8347          1446
      20.8348          1446
      20.8349          1446
       20.835          1446
      20.8351          1446
      20.8352          1446
      20.8352          1446
      20.8353          1446
      20.8354          1446
      20.8355          1446
      20.8356          1446
      20.8357          1446
      20.8357          1446
      20.8358          1446
      20.8359          1446
      20.8361          1446
      20.8362          1446
      20.8363          1446
      20.8364          1446
      20.8364          1446
      20.8365          1446
      20.8366          1446
      20.8367          1446
      20.8368          1446
      20.8369          1446
      20.8369          1446
       20.837          1446
      20.8375          1446
      20.8376          1446
      20.8377          1446
      20.8378          1446
      20.8378          1446
      20.8379          1446
       20.838          1446
      20.8381          1446
      20.8382          1446
      20.8382          1446
      20.8383          1446
      20.8384          1446
      20.8387          1446
      20.8387          1446
      20.8388          1446
      20.8389          1446
       20.839          1446
      20.8391          1446
      20.8392          1446
      20.8392          1446
      20.8393          1446
      20.8398          1446
      20.8399          1446
      20.8399          1446
        20.84          1446
      20.8401          1446
      20.8402          1446
      20.8403          1446
      20.8403          1446
      20.8404          1446
      20.8407          1446
      20.8407          1446
      20.8408          1446
      20.8409          1446
       20.841          1446
       20.841           590
        24.34          1446
      24.3402          1446
      24.3405          1446
      24.3406          1446
      24.3407          1446
      24.3411          1446
      24.3412          1446
      24.3413          1446
      24.3413          1446
      24.3414          1446
      24.3417          1446
      24.3418          1446
      24.3419          1446
       24.342          1446
       24.342          1446
      24.3425          1446
      24.3426          1446
      24.3427          1446
      24.3428          1446
      24.3428          1446
      24.3429          1446
       24.343          1446
      24.3433          1446
      24.3434          1446
      24.3435          1446
      24.3435          1446
      24.3436          1446
      24.3437          1446
      24.3442          1446
      24.3442          1446
      24.3443          1446
      24.3444          1446
      24.3445          1446
      24.3446          1446
      24.3447          1446
      24.3461          1446
      24.3462          1446
      24.3463          1446
      24.3464          1446
      24.3464          1446
      24.3465          1446
      24.3466          1446
      24.3467          1446
      24.3468          1446
      24.3468          1446
      24.3469          1446
       24.347          1446
      24.3471          1446
      24.3472          1446
      24.3473          1446
      24.3473          1446
      24.3474          1446
      24.3479          1446
       24.348          1446
      24.3481          1446
      24.3482          1446
      24.3482          1446
      24.3483          1446
      24.3484          1446
      24.3485          1446
      24.3486          1446
      24.3486          1446
      24.3487          1446
      24.3488          1446
      24.3489          1446
       24.349          1446
      24.3491          1446
      24.3495          1446
      24.3496          1446
      24.3497          1446
      24.3498          1446
      24.3499          1446
      24.3499           834
      24.4404          1446
       24.441          1446
      24.4414          1446
      24.4414          1446
      24.4415          1446
      24.4416          1446
      24.4417          1446
      24.4418          1446
      24.4419          1446
      24.4421          1446
      24.4422          1446
      24.4423          1446
      24.4423          1446
      24.4424          1446
      24.4425          1446
      24.4427          1446
      24.4428          1446
      24.4429          1446
       24.443          1446
      24.4431          1446
      24.4435          1446
      24.4436          1446
      24.4437          1446
      24.4438          1446
      24.4438          1446
      24.4439          1446
      24.4443          1446
      24.4444          1446
      24.4445          1446
      24.4446          1446
      24.4447          1446
      24.4448          1446
      24.4448          1446
      24.4451          1446
      24.4452          1446
      24.4452          1446
      24.4453          1446
      24.4454          1446
      24.4455          1446
      24.4456          1446
      24.4458          1446
      24.4459          1446
       24.446          1446
       24.446          1446
      24.4461          1446
      24.4462          1446
      24.4466          1446
      24.4467          1446
      24.4468          1446
      24.4469          1446
       24.447          1446
      24.4471          1446
      24.4471          1446
      24.4474          1446
      24.4475          1446
      24.4476          1446
      24.4477          1446
      24.4478          1446
      24.4478          1446
      24.4484          1446
      24.4485          1446
      24.4486          1446
      24.4486          1446
      24.4487          1446
      24.4488          1446
      24.4489          1446
       24.449          1446
      24.4492          1446
      24.4493          1446
      24.4494          1446
      24.4495          1446
      24.4495          1446
      24.4496          1446
      24.4497          1446
      24.4499          1446
        24.45          1446
      24.4501          1446
      24.4502          1446
      24.4503          1446
      24.4504          1446
      24.4508          1446
      24.4509          1446
       24.451          1446
      24.4511          1446
      24.4511          1446
      24.4512          1446
      24.4513          1446
      24.4517          1446
      24.4518          1446
      24.4519          1446
       24.452          1446
       24.452          1446
      24.4521          1446
      24.4522          1446
      24.4523          1446
      24.4528          1446
      24.4529          1446
      24.4529          1446
       24.453          1446
      24.4531          1446
      24.4532          1446
      24.4533          1446
      24.4534          1446
      24.4534          1446
      24.4539          1446
       24.454          1446
      24.4541          1446
      24.4541          1446
      24.4542          1446
      24.4543          1446
      24.4544          1446
      24.4545          1446
      24.4546          1446
      24.4548          1446
      24.4549          1446
      24.4549          1446
       24.455          1446
      24.4551          1446
      24.4552          1446
      24.4553          1446
      24.4555          1446
      24.4556          1446
      24.4557          1446
      24.4557          1446
      24.4558          1446
      24.4559          1446
      24.4561          1446
      24.4562          1446
      24.4563          1446
      24.4564          1446
      24.4565          1446
      24.4565          1446
       24.457          1446
      24.4571          1446
      24.4571          1446
      24.4572          1446
      24.4573          1446
      24.4574          1446
      24.4575          1446
      24.4579          1446
       24.458          1446
      24.4581          1446
      24.4582          1446
      24.4583          1446
      24.4583          1446
      24.4584          1446
      24.4585          1446
      24.4587          1446
      24.4588          1446
      24.4589          1446
       24.459          1446
      24.4591          1446
      24.4591          1446
      24.4596          1446
      24.4597          1446
      24.4597          1446
      24.4598          1446
      24.4599          1446
        24.46          1446
      24.4601          1446
      24.4603          1446
      24.4604          1446
      24.4605          1446
      24.4606          1446
      24.4607          1446
      24.4608          1446
      24.4608          1446
      24.4612          1446
      24.4613          1446
      24.4614          1446
      24.4615          1446
      24.4616          1446
      24.4616          1446
      24.4617          1446
       24.462          1446
      24.4621          1446
      24.4622          1446
      24.4622          1446
      24.4623          1446
      24.4624          1446
       24.463          1446
      24.4633          1446
      24.4635          1446
      24.4637          1446
      24.4639          1446
      24.4642          1446
      24.4644          1446
      24.4646          1446
      24.4651          1446
      24.4652          1446
      24.4652          1446
      24.4653          1446
      24.4654          1446
      24.4655          1446
      24.4656          1446
      24.4656          1446
      24.4657          1446
      24.4658          1446
      24.4659          1446
      24.4659           310
      26.8181          1446
      26.8184          1446
      26.8185          1446
      26.8188          1446
      26.8189          1446
       26.819          1446
      26.8194          1446
      26.8195          1446
      26.8196          1446
      26.8196          1446
      26.8197          1446
      26.8202          1446
      26.8203          1446
      26.8204          1446
      26.8204          1446
      26.8205          1446
