Segment_Index Playback_Start Quality_Level
            0        2.48692             0
            1        4.48692             0
            2        6.48692             0
            3        8.48692             0
            4        10.4869             0
            5        12.4869             0
            6        14.4869             0
            7        16.4869             0
            8        18.4869             0
            9        20.4869             0
           10        22.4869             0
           11        24.4869             1
           12        26.4869             1
           13        28.4869             1
           14        30.4869             1
           15        32.4869             1
           16        34.4869             1
           17        36.4869             1
           18        38.4869             2
           19        40.4869             3
           20        42.4869             3
           21        44.4869             3
           22        46.4869             3
           23        48.4869             3
           24        50.4869             3
           25        52.4869             3
           26        54.4869             3
           27        56.4869             3
