Segment_Index Rep_Level Decision_Point_Of_Time Case DelayCase
            0         0                2.10535    0         0
            1         0                2.48692    0         0
            2         0                2.94338    0         0
            3         0                3.21787    0         0
            4         0                 3.4022    0         0
            5         0                3.49809    0         0
            6         0                3.59379    0         0
            7         0                 3.6891    0         0
            8         0                3.78299    0         0
            9         0                3.87721    0         0
           10         0                3.97097    0         0
           11         1                4.06515    0         0
           12         1                4.16214    0         0
           13         1                 4.2582    0         0
           14         1                4.35307    0         0
           15         1                4.44818    0         0
           16         1                 4.5471    0         0
           17         1                4.64499    0         0
           18         2                4.74478    0         0
           19         3                4.86016    0         0
           20         3                5.05003    0         0
           21         3                5.24698    0         0
           22         3                5.47485    0         0
           23         3                5.69075    0         0
           24         3                5.90134    0         0
           25         3                6.09973    0         0
           26         3                6.29458    0         0
           27         3                6.48903    0         0
           28         3                6.67959    0         0
