Segment_Index Rep_Level Decision_Point_Of_Time Case DelayCase
            0         0                2.10658    0         0
            1         0                2.48965    0         0
            2         0                2.95033    0         0
            3         0                3.22611    0         0
            4         0                3.41136    0         0
            5         0                3.51167    0         0
            6         0                3.61167    0         0
            7         0                 3.7095    0         0
            8         0                3.80538    0         0
            9         0                3.90287    0         0
           10         0                 3.9989    0         0
           11         1                 4.0969    0         0
           12         1                4.19954    0         0
           13         1                4.30196    0         0
           14         1                4.39976    0         0
           15         1                4.49886    0         0
           16         1                4.60351    0         0
           17         1                4.70824    0         0
           18         1                4.81501    0         0
           19         1                4.92435    0         0
           20         1                5.03423    0         0
           21         3                5.14375    0         0
           22         3                5.90246    0         0
           23         3                6.55451    0         0
           24         3                7.19967    0         0
           25         3                7.75301    0         0
           26         3                 8.3015    0         0
           27         3                8.78974    0         0
           28         3                9.26484    0         0
           29         3                 9.7301    0         0
           30         3                10.1963    0         0
           31         3                10.4918    0         0
           32         3                10.8718    0         0
           33         3                11.3413    0         0
           34         3                11.6221    0         0
           35         3                12.0012    0         0
           36         3                12.2033    0         0
           37         5                12.4853    0         0
           38         5                13.2372    0         0
           39         5                13.9964    0         0
           40         5                14.7533    0         0
           41         5                15.6877    0         0
           42         5                16.6935    0         0
           43         5                 17.724    0         0
           44         5                18.6604    0         0
           45         5                 19.303    0         0
           46         5                20.1216    0         0
           47         5                21.0388    0         0
           48         5                21.8902    0         0
           49         5                23.0016    0         0
           50         5                23.9319    0         0
           51         5                 24.497    0         0
           52         5                24.7733    0         0
           53         5                 26.245    0         0
           54         5                29.0923    0         0
           55         5                31.2967    0         0
           56         5                34.3966    0         0
           57         5                37.2303    0         0
           58         5                39.9733    0         0
           59         5                42.1562    0         0
           60         5                 43.264    0         0
           61         5                45.3538    0         0
           62         5                48.0823    0         0
           63         5                49.5581    0         0
           64         5                50.9459    0         0
           65         5                52.7984    0         0
           66         5                54.0826    0         0
           67         5                55.0947    0         0
           68         5                55.6504    0         0
           69         5                56.0369    0         0
           70         5                58.1669    0         0
           71         5                60.5506    0         0
           72         5                61.8394    0         0
           73         5                63.6799    0         0
           74         5                64.3499    0         0
           75         5                 64.444    0         0
           76         5                65.7356    0         0
           77         5                68.3101    0         0
           78         5                71.0447    0         0
           79         5                73.6868    0         0
           80         5                76.5293    0         0
           81         5                79.2738    0         0
           82         5                81.2745    0         0
           83         5                83.1302    0         0
           84         5                85.2581    0         0
           85         5                86.9849    0         0
           86         5                88.3863    0         0
           87         5                89.9742    0         0
           88         5                91.9107    0         0
           89         5                 94.296    0         0
           90         5                97.3139    0         0
           91         5                99.5336    0         0
           92         5                102.829    0         0
           93         5                105.134    0         0
           94         5                107.152    0         0
           95         5                110.556    0         0
           96         5                111.847    0         0
           97         5                114.215    0         0
           98         5                116.987    0         0
           99         5                118.625    0         0
          100         5                121.011    0         0
          101         5                123.933    0         0
          102         5                125.692    0         0
          103         5                126.819    0         0
          104         5                128.019    0         0
          105         5                129.307    0         0
          106         5                130.785    0         0
          107         5                132.807    0         0
          108         5                134.634    0         0
          109         5                136.647    0         0
          110         5                137.956    0         0
          111         5                138.796    0         0
          112         5                139.462    0         0
          113         5                139.828    0         0
          114         5                140.117    0         0
          115         5                140.413    0         0
          116         5                140.795    0         0
          117         5                141.704    0         0
          118         5                142.912    0         0
          119         5                144.642    0         0
          120         5                145.756    0         0
          121         5                147.335    0         0
          122         5                 148.54    0         0
          123         5                149.386    0         0
          124         5                149.853    0         0
          125         5                152.356    0         0
          126         5                154.289    0         0
          127         5                156.236    0         0
          128         5                158.087    0         0
          129         5                 159.94    0         0
          130         5                161.581    0         0
          131         5                162.886    0         0
          132         5                164.015    0         0
          133         5                165.482    0         0
          134         5                166.786    0         0
          135         5                167.899    0         0
          136         5                169.184    0         0
          137         5                169.821    0         0
          138         5                170.835    0         0
          139         5                172.108    0         0
          140         5                173.502    0         0
          141         5                 174.26    0         0
          142         5                175.654    0         0
          143         5                178.022    0         0
          144         5                179.867    0         0
          145         5                181.619    0         0
          146         5                183.366    0         0
          147         5                 184.94    0         0
