Segment_Index Download_Request_Sent Download_Start Download_End Segment_Size averageBitrate Download_OK
            0               2.10658        2.19898      2.48965         3128       176392           1
            1               2.48965        2.58021      2.95033        44788       176392           1
            2               2.95033        3.04089      3.22611        83412       176392           1
            3               3.22611        3.31668      3.41136        92274       176392           1
            4               3.41136         3.5019      3.51167        56210       176392           1
            5               3.51167        3.60233      3.61167        56494       176392           1
            6               3.61167        3.70222       3.7095        43658       176392           1
            7                3.7095        3.80012      3.80538        32596       176392           1
            8               3.80538         3.8959      3.90287        41642       176392           1
            9               3.90287        3.99447       3.9989        33180       176392           1
           10                3.9989         4.0895       4.0969        38444       176392           1
           11                4.0969        4.18742      4.19954        67382       347920           1
           12               4.19954        4.29014      4.30196        62090       347920           1
           13               4.30196        4.39258      4.39976        42838       347920           1
           14               4.39976        4.49035      4.49886        51568       347920           1
           15               4.49886        4.58939      4.60351        85324       347920           1
           16               4.60351        4.69408      4.70824        82874       347920           1
           17               4.70824        4.79876      4.81501        94430       347920           1
           18               4.81501        4.90568      4.92435       110584       347920           1
           19               4.92435        5.01499      5.03423       104602       347920           1
           20               5.03423        5.12493      5.14375       112556       347920           1
           21               5.14375        5.23431      5.90246       986196  1.87586e+06           1
           22               5.90246          5.993      6.55451       796780  1.87586e+06           1
           23               6.55451        6.64512      7.19967       776022  1.87586e+06           1
           24               7.19967        7.29019      7.75301       649422  1.87586e+06           1
           25               7.75301        7.84357       8.3015       632654  1.87586e+06           1
           26                8.3015        8.39205      8.78974       610536  1.87586e+06           1
           27               8.78974        8.88037      9.26484       594824  1.87586e+06           1
           28               9.26484        9.35544       9.7301       540494  1.87586e+06           1
           29                9.7301        9.82066      10.1963       543780  1.87586e+06           1
           30               10.1963        10.2868      10.4918       372834  1.87586e+06           1
           31               10.4918        10.5824      10.8718       447436  1.87586e+06           1
           32               10.8718        10.9624      11.3413       544846  1.87586e+06           1
           33               11.3413        11.4319      11.6221       282550  1.87586e+06           1
           34               11.6221        11.7127      12.0012       429728  1.87586e+06           1
           35               12.0012        12.0918      12.2033       231128  1.87586e+06           1
           36               12.2033        12.2938      12.4853       288106  1.87586e+06           1
           37               12.4853        12.5759      13.2372       967432  7.56482e+06           1
           38               13.2372        13.3278      13.9964       994276  7.56482e+06           1
           39               13.9964         14.087      14.7533       991678  7.56482e+06           1
           40               14.7533        14.8439      15.6877      1198642  7.56482e+06           1
           41               15.6877        15.7783      16.6935      1260468  7.56482e+06           1
           42               16.6935        16.7841       17.724      1355492  7.56482e+06           1
           43                17.724        17.8146      18.6604      1216606  7.56482e+06           1
           44               18.6604         18.751       19.303       769760  7.56482e+06           1
           45                19.303        19.3935      20.1216       998702  7.56482e+06           1
           46               20.1216        20.2122      21.0388      1138672  7.56482e+06           1
           47               21.0388        21.1293      21.8902      1103682  7.56482e+06           1
           48               21.8902        21.9808      23.0016      1441186  7.56482e+06           1
           49               23.0016        23.0921      23.9319      1162574  7.56482e+06           1
           50               23.9319        24.0225       24.497       701398  7.56482e+06           1
           51                24.497        24.5875      24.7733       267270  7.56482e+06           1
           52               24.7733        24.8639       26.245      1911638  7.56482e+06           1
           53                26.245        26.3356      29.0923      3809514  7.56482e+06           1
           54               29.0923        29.1828      31.2967      2908998  7.56482e+06           1
           55               31.2967        31.3873      34.3966      4124046  7.56482e+06           1
           56               34.3966        34.4871      37.2303      3757420  7.56482e+06           1
           57               37.2303        37.3209      39.9733      3646514  7.56482e+06           1
           58               39.9733        40.0639      42.1562      2863936  7.56482e+06           1
           59               42.1562        42.2467       43.264      1413148  7.56482e+06           1
           60                43.264        43.3546      45.3538      2735758  7.56482e+06           1
           61               45.3538        45.4443      48.0823      3605436  7.56482e+06           1
           62               48.0823        48.1729      49.5581      1927798  7.56482e+06           1
           63               49.5581        49.6487      50.9459      1810158  7.56482e+06           1
           64               50.9459        51.0364      52.7984      2468234  7.56482e+06           1
           65               52.7984         52.889      54.0826      1644128  7.56482e+06           1
           66               54.0826        54.1731      55.0947      1283582  7.56482e+06           1
           67               55.0947        55.1852      55.6504       645554  7.56482e+06           1
           68               55.6504         55.741      56.0369       476182  7.56482e+06           1
           69               56.0369        56.1275      58.1669      2849792  7.56482e+06           1
           70               58.1669        58.2578      60.5506      3157680  7.56482e+06           1
           71               60.5506        60.6411      61.8394      1655086  7.56482e+06           1
           72               61.8394          61.93      63.6799      2422030  7.56482e+06           1
           73               63.6799        63.7704      64.3499       865194  7.56482e+06           1
           74               64.3499        64.4405       64.444        21740  7.56482e+06           1
           75                64.444        64.5346      65.7356      1672964  7.56482e+06           1
           76               65.7356        65.8262      68.3101      3429076  7.56482e+06           1
           77               68.3101        68.4006      71.0447      3619938  7.56482e+06           1
           78               71.0447        71.1352      73.6868      3495936  7.56482e+06           1
           79               73.6868        73.7773      76.5293      3793936  7.56482e+06           1
           80               76.5293          76.62      79.2738      3642068  7.56482e+06           1
           81               79.2738        79.3644      81.2745      2613222  7.56482e+06           1
           82               81.2745         81.365      83.1302      2477740  7.56482e+06           1
           83               83.1302        83.2207      85.2581      2844468  7.56482e+06           1
           84               85.2581        85.3487      86.9849      2238952  7.56482e+06           1
           85               86.9849        87.0756      88.3863      1856964  7.56482e+06           1
           86               88.3863        88.4769      89.9742      2104104  7.56482e+06           1
           87               89.9742        90.0648      91.9107      2565686  7.56482e+06           1
           88               91.9107        92.0013       94.296      3164702  7.56482e+06           1
           89                94.296        94.3865      97.3139      4017534  7.56482e+06           1
           90               97.3139        97.4044      99.5336      2964310  7.56482e+06           1
           91               99.5336        99.6242      102.829      4405610  7.56482e+06           1
           92               102.829        102.919      105.134      3078792  7.56482e+06           1
           93               105.134        105.225      107.152      2660794  7.56482e+06           1
           94               107.152        107.243      110.556      4577932  7.56482e+06           1
           95               110.556        110.647      111.847      1670978  7.56482e+06           1
           96               111.847        111.937      114.215      3121956  7.56482e+06           1
           97               114.215        114.305      116.987      3711576  7.56482e+06           1
           98               116.987        117.078      118.625      2113830  7.56482e+06           1
           99               118.625        118.715      121.011      3165496  7.56482e+06           1
          100               121.011        121.101      123.933      3884196  7.56482e+06           1
          101               123.933        124.024      125.692      2339512  7.56482e+06           1
          102               125.692        125.782      126.819      1472964  7.56482e+06           1
          103               126.819        126.909      128.019      1552708  7.56482e+06           1
          104               128.019         128.11      129.307      1649486  7.56482e+06           1
          105               129.307        129.397      130.785      1928648  7.56482e+06           1
          106               130.785        130.875      132.807      2664290  7.56482e+06           1
          107               132.807        132.897      134.634      2382926  7.56482e+06           1
          108               134.634        134.725      136.647      2641274  7.56482e+06           1
          109               136.647        136.738      137.956      1726200  7.56482e+06           1
          110               137.956        138.046      138.796      1066390  7.56482e+06           1
          111               138.796        138.886      139.462       861156  7.56482e+06           1
          112               139.462        139.552      139.828       383238  7.56482e+06           1
          113               139.828        139.919      140.117       325736  7.56482e+06           1
          114               140.117        140.208      140.413       355820  7.56482e+06           1
          115               140.413        140.504      140.795       437786  7.56482e+06           1
          116               140.795        140.886      141.704      1120514  7.56482e+06           1
          117               141.704        141.795      142.912      1565278  7.56482e+06           1
          118               142.912        143.003      144.642      2246054  7.56482e+06           1
          119               144.642        144.732      145.756      1439812  7.56482e+06           1
          120               145.756        145.847      147.335      2092608  7.56482e+06           1
          121               147.335        147.426       148.54      1562956  7.56482e+06           1
          122                148.54        148.631      149.386      1099550  7.56482e+06           1
          123               149.386        149.477      149.853       545526  7.56482e+06           1
          124               149.853        149.944      152.356      3348426  7.56482e+06           1
          125               152.356        152.447      154.289      2548652  7.56482e+06           1
          126               154.289        154.379      156.236      2609818  7.56482e+06           1
          127               156.236        156.326      158.087      2441370  7.56482e+06           1
          128               158.087        158.178       159.94      2479116  7.56482e+06           1
          129                159.94        160.031      161.581      2120604  7.56482e+06           1
          130               161.581        161.672      162.886      1720670  7.56482e+06           1
          131               162.886        162.977      164.015      1489034  7.56482e+06           1
          132               164.015        164.106      165.482      1899890  7.56482e+06           1
          133               165.482        165.573      166.786      1716682  7.56482e+06           1
          134               166.786        166.877      167.899      1443298  7.56482e+06           1
          135               167.899        167.989      169.184      1649440  7.56482e+06           1
          136               169.184        169.275      169.821       749824  7.56482e+06           1
          137               169.821        169.912      170.835      1287512  7.56482e+06           1
          138               170.835        170.926      172.108      1621168  7.56482e+06           1
          139               172.108        172.199      173.502      1811462  7.56482e+06           1
          140               173.502        173.592       174.26       990190  7.56482e+06           1
          141                174.26         174.35      175.654      1832646  7.56482e+06           1
          142               175.654        175.744      178.022      3125862  7.56482e+06           1
          143               178.022        178.112      179.867      2439334  7.56482e+06           1
          144               179.867        179.958      181.619      2302404  7.56482e+06           1
          145               181.619         181.71      183.366      2283298  7.56482e+06           1
          146               183.366        183.457       184.94      2083042  7.56482e+06           1
