Segment_Index Playback_Start Quality_Level
            0        2.48965             0
            1        4.48965             0
            2        6.48965             0
            3        8.48966             0
            4        10.4897             0
            5        12.4897             0
            6        14.4897             0
            7        16.4897             0
            8        18.4897             0
            9        20.4897             0
           10        22.4897             0
           11        24.4897             1
           12        26.4897             1
           13        28.4897             1
           14        30.4897             1
           15        32.4897             1
           16        34.4897             1
           17        36.4897             1
           18        38.4897             1
           19        40.4897             1
           20        42.4897             1
           21        44.4897             3
           22        46.4897             3
           23        48.4897             3
           24        50.4897             3
           25        52.4897             3
           26        54.4897             3
           27        56.4897             3
           28        58.4897             3
           29        60.4897             3
           30        62.4897             3
           31        64.4897             3
           32        66.4897             3
           33        68.4897             3
           34        70.4897             3
           35        72.4897             3
           36        74.4897             3
           37        76.4897             5
           38        78.4897             5
           39        80.4897             5
           40        82.4897             5
           41        84.4897             5
           42        86.4897             5
           43        88.4897             5
           44        90.4897             5
           45        92.4897             5
           46        94.4897             5
           47        96.4897             5
           48        98.4897             5
           49         100.49             5
           50         102.49             5
           51         104.49             5
           52         106.49             5
           53         108.49             5
           54         110.49             5
           55         112.49             5
           56         114.49             5
           57         116.49             5
           58         118.49             5
           59         120.49             5
           60         122.49             5
           61         124.49             5
           62         126.49             5
           63         128.49             5
           64         130.49             5
           65         132.49             5
           66         134.49             5
           67         136.49             5
           68         138.49             5
           69         140.49             5
           70         142.49             5
           71         144.49             5
           72         146.49             5
           73         148.49             5
           74         150.49             5
           75         152.49             5
           76         154.49             5
           77         156.49             5
           78         158.49             5
           79         160.49             5
           80         162.49             5
           81         164.49             5
           82         166.49             5
           83         168.49             5
           84         170.49             5
           85         172.49             5
           86         174.49             5
           87         176.49             5
           88         178.49             5
           89         180.49             5
           90         182.49             5
           91         184.49             5
