Segment_Index Download_Request_Sent Download_Start Download_End Segment_Size averageBitrate Download_OK
            0               2.10535        2.19638      2.48692         3128       176392           1
            1               2.48692        2.57735      2.94338        44788       176392           1
            2               2.94338        3.03387      3.21787        83412       176392           1
            3               3.21787         3.3083      3.40221        92274       176392           1
            4               3.40221        3.49274      3.49809        56210       176392           1
            5               3.49809        3.58853      3.59379        56494       176392           1
            6               3.59379        3.68426      3.68911        43658       176392           1
            7               3.68911        3.77959      3.78299        32596       176392           1
            8               3.78299        3.87338      3.87721        41642       176392           1
            9               3.87721        3.96762      3.97097        33180       176392           1
           10               3.97097        4.06146      4.06515        38444       176392           1
           11               4.06515        4.15557      4.16214        67382       347920           1
           12               4.16214        4.25263       4.2582        62090       347920           1
           13                4.2582        4.34873      4.35307        42838       347920           1
           14               4.35307         4.4435      4.44818        51568       347920           1
           15               4.44818         4.5386       4.5471        85324       347920           1
           16                4.5471        4.63752        4.645        82874       347920           1
           17                 4.645        4.73544      4.74479        94430       347920           1
           18               4.74479         4.8353      4.86016       275916       901744           1
           19               4.86016         4.9506      5.05004       574158  1.87586e+06           1
           20               5.05004        5.14052      5.24699       634288  1.87586e+06           1
           21               5.24699        5.33751      5.47478       986196  1.87586e+06           1
           22               5.47478        5.56524      5.68595       796780  1.87586e+06           1
           23               5.68595        5.77643      5.89974       776022  1.87586e+06           1
           24               5.89974        5.99026      6.10525       649422  1.87586e+06           1
           25               6.10525        6.19574      6.29918       632654  1.87586e+06           1
           26               6.29918        6.38961      6.49608       610536  1.87586e+06           1
           27               6.49608        6.58652      6.68726       594824  1.87586e+06           1
           28               6.68726        6.77794      6.87079       540494  1.87586e+06           1
           29               6.87079        6.96139      7.05546       543780  1.87586e+06           1
           30               7.05546        7.14593      7.44527      1703198  7.56482e+06           1
           31               7.44527         7.5357      7.85091      1954122  7.56482e+06           1
           32               7.85091         7.9413      8.32375      2221892  7.56482e+06           1
           33               8.32375        8.41415      8.64801      1489546  7.56482e+06           1
