Segment_Index Rep_Level Decision_Point_Of_Time Case DelayCase
            0         0                2.10535    0         0
            1         0                2.48692    0         0
            2         0                2.94338    0         0
            3         0                3.21787    0         0
            4         0                 3.4022    0         0
            5         0                3.49808    0         0
            6         0                3.59378    0         0
            7         0                 3.6891    0         0
            8         0                3.78298    0         0
            9         0                3.87719    0         0
           10         0                3.97095    0         0
           11         0                4.06514    0         0
           12         0                4.15947    0         0
           13         0                4.25308    0         0
           14         0                 4.3461    0         0
           15         0                4.43906    0         0
           16         0                4.53371    0         0
           17         0                 4.6286    0         0
           18         0                 4.7237    0         0
           19         0                4.81923    0         0
           20         0                4.91497    0         0
           21         0                 5.0109    0         0
           22         0                5.11088    0         0
           23         0                5.21245    0         0
           24         0                5.31003    0         0
           25         0                5.40573    0         0
           26         0                5.50235    0         0
           27         0                5.59787    0         0
           28         0                5.69393    0         0
           29         0                5.78988    0         0
           30         0                5.88516    0         0
           31         0                5.97977    0         0
           32         0                6.07425    0         0
           33         0                6.16975    0         0
           34         0                6.26263    0         0
           35         0                6.35665    0         0
           36         0                6.44887    0         0
           37         0                6.54146    0         0
           38         0                6.63426    0         0
           39         0                6.72716    0         0
           40         0                6.81988    0         0
           41         0                6.91296    0         0
           42         0                7.00627    0         0
           43         0                7.09975    0         0
           44         0                 7.1934    0         0
           45         0                7.28554    0         0
           46         0                7.37814    0         0
           47         0                 7.4713    0         0
           48         0                7.56397    0         0
           49         0                7.65763    0         0
           50         0                 7.7497    0         0
           51         0                7.84168    0         0
           52         0                7.93263    0         0
           53         0                8.02569    0         0
           54         0                8.12227    0         0
           55         0                8.22001    0         0
           56         0                8.31874    0         0
           57         0                 8.4193    0         0
           58         0                8.51586    0         0
           59         0                8.61522    0         0
           60         0                8.70824    0         0
           61         0                8.80413    0         0
           62         0                8.89993    0         0
           63         0                8.99458    0         0
           64         0                9.08893    0         0
           65         0                9.18434    0         0
           66         0                9.27809    0         0
           67         0                9.37139    0         0
           68         0                9.46558    0         0
           69         0                9.55834    0         0
           70         0                9.65289    0         0
           71         0                9.74878    0         0
           72         0                9.84242    0         0
           73         0                9.93749    0         0
           74         0                10.0303    0         0
           75         0                10.1209    0         0
           76         0                10.2178    0         0
           77         0                10.3176    0         0
           78         0                10.4182    0         0
           79         0                10.5148    0         0
           80         0                 10.613    0         0
           81         0                10.7108    0         0
           82         0                10.8136    0         0
           83         0                10.9113    0         0
           84         0                11.0095    0         0
           85         0                11.1107    0         0
           86         0                11.2087    0         0
           87         0                11.3047    0         0
           88         0                11.4002    0         0
           89         0                11.4982    0         0
           90         0                11.5963    0         0
           91         0                11.6943    0         0
           92         0                11.7973    0         0
           93         0                11.8949    0         0
           94         0                11.9922    0         0
           95         0                12.0905    0         0
           96         0                12.1842    0         0
           97         0                12.2831    0         0
           98         0                12.3813    0         0
           99         0                12.4761    0         0
          100         0                12.5722    0         0
          101         0                12.6712    0         0
          102         0                12.7662    0         0
          103         0                12.8609    0         0
          104         0                 12.954    0         0
          105         0                13.0474    0         0
          106         0                13.1416    0         0
          107         0                13.2393    0         0
          108         0                13.3366    0         0
          109         0                13.4317    0         0
          110         0                13.5252    0         0
          111         0                13.6209    0         0
          112         0                13.7141    0         0
          113         0                13.8058    0         0
          114         0                13.8977    0         0
          115         0                13.9895    0         0
          116         0                14.0812    0         0
          117         0                14.1747    0         0
          118         0                14.2689    0         0
          119         0                14.3648    0         0
          120         0                14.4605    0         0
          121         0                 14.558    0         0
          122         0                14.6534    0         0
          123         0                14.7481    0         0
          124         0                 14.841    0         0
          125         0                  14.94    0         0
          126         0                15.0395    0         0
          127         0                15.1374    0         0
          128         0                15.2364    0         0
          129         0                 15.334    0         0
          130         0                15.4311    0         0
          131         0                15.5257    0         0
          132         0                  15.62    0         0
          133         0                15.7153    0         0
          134         0                 15.811    0         0
          135         0                15.9048    0         0
          136         0                15.9999    0         0
          137         0                16.0935    0         0
          138         0                16.1885    0         0
          139         0                16.2825    0         0
          140         0                16.3771    0         0
          141         0                16.4702    0         0
          142         0                16.5645    0         0
          143         0                16.6621    0         0
          144         0                16.7598    0         0
          145         0                16.8561    0         0
          146         0                16.9521    0         0
          147         0                 17.047    0         0
          148         0                17.1421    0         0
          149         0                17.2356    0         0
          150         0                17.3288    0         0
          151         0                17.4233    0         0
          152         0                17.5176    0         0
          153         0                 17.613    0         0
          154         0                17.7089    0         0
          155         0                17.8035    0         0
          156         0                17.8977    0         0
          157         0                17.9913    0         0
          158         0                18.0883    0         0
          159         0                18.1845    0         0
          160         0                18.2785    0         0
          161         0                 18.373    0         0
          162         0                 18.471    0         0
          163         0                18.5674    0         0
          164         0                18.6621    0         0
          165         0                18.7562    0         0
          166         0                 18.851    0         0
          167         0                18.9483    0         0
          168         0                19.0462    0         0
          169         0                19.1426    0         0
          170         0                19.2373    0         0
          171         0                19.3296    0         0
          172         0                19.4228    0         0
          173         0                19.5171    0         0
          174         0                19.6099    0         0
          175         0                19.7018    0         0
          176         0                19.7941    0         0
          177         0                19.8869    0         0
          178         0                19.9785    0         0
          179         0                20.0695    0         0
          180         0                20.1608    0         0
          181         0                20.2521    0         0
          182         0                20.3431    0         0
          183         0                20.4346    0         0
          184         0                20.5259    0         0
          185         0                20.6181    0         0
          186         0                20.7098    0         0
          187         0                20.8014    0         0
          188         0                20.8941    0         0
          189         0                20.9873    0         0
          190         0                21.0845    0         0
          191         0                21.1827    0         0
          192         0                 21.281    0         0
          193         0                21.3798    0         0
          194         0                21.4793    0         0
          195         0                21.5794    0         0
          196         0                 21.676    0         0
          197         0                21.7701    0         0
          198         0                21.8622    0         0
          199         0                 21.955    0         0
          200         0                22.0474    0         0
          201         0                22.1411    0         0
          202         0                22.2337    0         0
          203         0                22.3275    0         0
          204         0                22.4213    0         0
          205         0                22.5146    0         0
          206         0                22.6068    0         0
          207         0                22.7007    0         0
          208         0                22.7937    0         0
          209         0                22.8877    0         0
          210         0                 22.981    0         0
          211         0                23.0718    0         0
          212         0                23.1632    0         0
          213         0                23.2554    0         0
          214         0                23.3481    0         0
          215         0                23.4411    0         0
          216         0                23.5343    0         0
          217         0                23.6288    0         0
          218         0                23.7245    0         0
          219         0                23.8153    0         0
