Segment_Index Download_Request_Sent Download_Start Download_End Segment_Size averageBitrate Download_OK
            0               2.10535        2.19638      2.48692         3128       176392           1
            1               2.48692        2.57734      2.94338        44788       176392           1
            2               2.94338        3.03387      3.21787        83412       176392           1
            3               3.21787         3.3083       3.4022        92274       176392           1
            4                3.4022        3.49273      3.49808        56210       176392           1
            5               3.49808        3.58853      3.59378        56494       176392           1
            6               3.59378        3.68425       3.6891        43658       176392           1
            7                3.6891        3.77957      3.78298        32596       176392           1
            8               3.78298        3.87337      3.87719        41642       176392           1
            9               3.87719        3.96761      3.97095        33180       176392           1
           10               3.97095        4.06144      4.06514        38444       176392           1
           11               4.06514        4.15555      4.15947        33376       176392           1
           12               4.15947        4.24991      4.25308        32942       176392           1
           13               4.25308         4.3435       4.3461        22196       176392           1
           14                4.3461        4.43653      4.43906        25740       176392           1
           15               4.43906        4.52955      4.53371        44300       176392           1
           16               4.53371        4.62414       4.6286        42024       176392           1
           17                4.6286         4.7191       4.7237        48390       176392           1
           18                4.7237        4.81413      4.81923        56032       176392           1
           19               4.81923        4.90971      4.91497        54032       176392           1
           20               4.91497        5.00544       5.0109        54978       176392           1
           21                5.0109        5.10141      5.11088       104786       176392           1
           22               5.11088        5.20129      5.21245        88554       176392           1
           23               5.21245        5.30295      5.31003        74040       176392           1
           24               5.31003         5.4005      5.40573        58278       176392           1
           25               5.40573        5.49617      5.50235        51942       176392           1
           26               5.50235         5.5929      5.59787        54466       176392           1
           27               5.59787        5.68852      5.69393        57920       176392           1
           28               5.69393        5.78435      5.78988        50548       176392           1
           29               5.78988         5.8803      5.88516        50132       176392           1
           30               5.88516        5.97569      5.97977        35914       176392           1
           31               5.97977        6.07024      6.07425        43436       176392           1
           32               6.07425        6.16474      6.16975        50348       176392           1
           33               6.16975         6.2604      6.26263        17618       176392           1
           34               6.26263        6.35309      6.35665        35476       176392           1
           35               6.35665        6.44709      6.44887        14770       176392           1
           36               6.44887        6.53931      6.54146        19032       176392           1
           37               6.54146        6.63186      6.63426        23214       176392           1
           38               6.63426        6.72478      6.72716        23874       176392           1
           39               6.72716        6.81763      6.81988        23626       176392           1
           40               6.81988        6.91035      6.91296        28048       176392           1
           41               6.91296        7.00342      7.00627        25910       176392           1
           42               7.00627        7.09671      7.09975        27172       176392           1
           43               7.09975        7.19015       7.1934        27830       176392           1
           44                7.1934        7.28381      7.28554        14566       176392           1
           45               7.28554        7.37594      7.37814        20498       176392           1
           46               7.37814        7.46857       7.4713        25212       176392           1
           47                7.4713        7.56171      7.56397        21066       176392           1
           48               7.56397        7.65461      7.65763        25702       176392           1
           49               7.65763        7.74807       7.7497        15526       176392           1
           50                7.7497        7.84012      7.84168        14732       176392           1
           51               7.84168        7.93209      7.93263         4586       176392           1
           52               7.93263        8.02301      8.02569        25076       176392           1
           53               8.02569        8.11613      8.12227        59710       176392           1
           54               8.12227        8.21275      8.22001        80200       176392           1
           55               8.22001        8.31047      8.31874        93142       176392           1
           56               8.31874        8.40932       8.4193        90404       176392           1
           57                8.4193        8.51004      8.51586        56704       176392           1
           58               8.51586         8.6063      8.61522        56710       176392           1
           59               8.61522        8.70569      8.70824        25188       176392           1
           60               8.70824        8.79869      8.80413        56370       176392           1
           61               8.80413        8.89461      8.89993        57462       176392           1
           62               8.89993        8.99038      8.99458        36636       176392           1
           63               8.99458        9.08503      9.08893        41498       176392           1
           64               9.08893        9.17948      9.18434        49256       176392           1
           65               9.18434        9.27474      9.27809        36086       176392           1
           66               9.27809        9.36859      9.37139        20736       176392           1
           67               9.37139        9.46191      9.46558        28548       176392           1
           68               9.46558        9.55604      9.55834        24040       176392           1
           69               9.55834        9.64882      9.65289        44330       176392           1
           70               9.65289        9.74336      9.74878        42074       176392           1
           71               9.74878        9.83928      9.84242        31408       176392           1
           72               9.84242        9.93289      9.93749        34858       176392           1
           73               9.93749         10.028      10.0303        22094       176392           1
           74               10.0303        10.1207      10.1209         2796       176392           1
           75               10.1209        10.2114      10.2178        54622       176392           1
           76               10.2178        10.3083      10.3176        81862       176392           1
           77               10.3176        10.4081      10.4182        94040       176392           1
           78               10.4182        10.5087      10.5148        66898       176392           1
           79               10.5148        10.6053       10.613        82440       176392           1
           80                10.613        10.7034      10.7108        78726       176392           1
           81               10.7108        10.8013      10.8136        95142       176392           1
           82               10.8136         10.904      10.9113        76192       176392           1
           83               10.9113        11.0017      11.0095        84038       176392           1
           84               11.0095           11.1      11.1107        90522       176392           1
           85               11.1107        11.2011      11.2087        71640       176392           1
           86               11.2087        11.2992      11.3047        58264       176392           1
           87               11.3047        11.3952      11.4002        49978       176392           1
           88               11.4002        11.4906      11.4982        79054       176392           1
           89               11.4982        11.5888      11.5963        82070       176392           1
           90               11.5963        11.6867      11.6943        77228       176392           1
           91               11.6943        11.7848      11.7973        99042       176392           1
           92               11.7973        11.8879      11.8949        72644       176392           1
           93               11.8949        11.9854      11.9922        62406       176392           1
           94               11.9922        12.0828      12.0905        79684       176392           1
           95               12.0905         12.181      12.1842        29094       176392           1
           96               12.1842        12.2747      12.2831        88842       176392           1
           97               12.2831        12.3735      12.3813        85974       176392           1
           98               12.3813        12.4717      12.4761        48720       176392           1
           99               12.4761        12.5666      12.5722        59144       176392           1
          100               12.5722        12.6626      12.6712        72972       176392           1
          101               12.6712        12.7617      12.7662        46104       176392           1
          102               12.7662        12.8567      12.8609        45178       176392           1
          103               12.8609        12.9513       12.954        26312       176392           1
          104                12.954        13.0444      13.0474        25598       176392           1
          105               13.0474        13.1379      13.1416        36894       176392           1
          106               13.1416        13.2321      13.2393        79762       176392           1
          107               13.2393        13.3298      13.3366        69020       176392           1
          108               13.3366         13.427      13.4317        48820       176392           1
          109               13.4317        13.5221      13.5252        30548       176392           1
          110               13.5252        13.6156      13.6209        26146       176392           1
          111               13.6209        13.7116      13.7141        23994       176392           1
          112               13.7141        13.8045      13.8058        12224       176392           1
          113               13.8058        13.8962      13.8977        11696       176392           1
          114               13.8977        13.9881      13.9895        12276       176392           1
          115               13.9895        14.0799      14.0812        14194       176392           1
          116               14.0812        14.1717      14.1747        31302       176392           1
          117               14.1747        14.2651      14.2689        36298       176392           1
          118               14.2689        14.3594      14.3648        59268       176392           1
          119               14.3648        14.4552      14.4605        56456       176392           1
          120               14.4605        14.5509       14.558        76406       176392           1
          121                14.558        14.6484      14.6534        55058       176392           1
          122               14.6534        14.7439      14.7481        44538       176392           1
          123               14.7481        14.8385       14.841        24702       176392           1
          124                14.841        14.9314        14.94        93498       176392           1
          125                 14.94        15.0305      15.0395        98178       176392           1
          126               15.0395        15.1299      15.1374        81998       176392           1
          127               15.1374        15.2279      15.2364        93400       176392           1
          128               15.2364        15.3269       15.334        74280       176392           1
          129                15.334        15.4244      15.4311        62274       176392           1
          130               15.4311        15.5215      15.5257        44244       176392           1
          131               15.5257        15.6162        15.62        40108       176392           1
          132                 15.62        15.7104      15.7153        52166       176392           1
          133               15.7153        15.8058       15.811        48884       176392           1
          134                15.811        15.9014      15.9048        29734       176392           1
          135               15.9048        15.9955      15.9999        40142       176392           1
          136               15.9999        16.0904      16.0935        33368       176392           1
          137               16.0935        16.1839      16.1885        45168       176392           1
          138               16.1885         16.279      16.2825        33810       176392           1
          139               16.2825        16.3729      16.3771        43746       176392           1
          140               16.3771        16.4675      16.4702        26816       176392           1
          141               16.4702        16.5606      16.5645        41468       176392           1
          142               16.5645        16.6549      16.6621        80300       176392           1
          143               16.6621        16.7525      16.7598        64990       176392           1
          144               16.7598        16.8503      16.8561        64958       176392           1
          145               16.8561        16.9466      16.9521        60696       176392           1
          146               16.9521        17.0425       17.047        46818       176392           1
          147                17.047        17.1374      17.1421        50306       176392           1
          148               17.1421        17.2325      17.2356        32004       176392           1
          149               17.2356        17.3261      17.3288        27488       176392           1
          150               17.3288        17.4193      17.4233        41278       176392           1
          151               17.4233        17.5137      17.5176        41946       176392           1
          152               17.5176        17.6081       17.613        49376       176392           1
          153                17.613        17.7035      17.7089        45900       176392           1
          154               17.7089        17.7995      17.8035        42748       176392           1
          155               17.8035        17.8939      17.8977        28464       176392           1
          156               17.8977        17.9883      17.9913        28446       176392           1
          157               17.9913        18.0817      18.0883        62654       176392           1
          158               18.0883        18.1788      18.1845        59458       176392           1
          159               18.1845         18.275      18.2785        33120       176392           1
          160               18.2785        18.3689       18.373        42218       176392           1
          161                18.373        18.4634       18.471        82674       176392           1
          162                18.471        18.5614      18.5674        63882       176392           1
          163               18.5674        18.6578      18.6621        44478       176392           1
          164               18.6621        18.7525      18.7562        38636       176392           1
          165               18.7562        18.8467       18.851        35516       176392           1
          166                18.851        18.9415      18.9483        73540       176392           1
          167               18.9483        19.0387      19.0462        65978       176392           1
          168               19.0462        19.1367      19.1426        63916       176392           1
          169               19.1426         19.233      19.2373        40792       176392           1
          170               19.2373        19.3277      19.3296        19212       176392           1
          171               19.3296        19.4201      19.4228        24276       176392           1
          172               19.4228        19.5132      19.5171        30198       176392           1
          173               19.5171        19.6075      19.6099        24728       176392           1
          174               19.6099        19.7003      19.7018        14770       176392           1
          175               19.7018        19.7922      19.7941        17556       176392           1
          176               19.7941        19.8846      19.8869        14726       176392           1
          177               19.8869        19.9773      19.9785        11684       176392           1
          178               19.9785        20.0689      20.0695         6630       176392           1
          179               20.0695        20.1601      20.1608         5538       176392           1
          180               20.1608        20.2513      20.2521         6360       176392           1
          181               20.2521        20.3424      20.3431         7124       176392           1
          182               20.3431        20.4336      20.4346         8220       176392           1
          183               20.4346        20.5251      20.5259         8376       176392           1
          184               20.5259        20.6164      20.6181        15726       176392           1
          185               20.6181        20.7085      20.7098        11092       176392           1
          186               20.7098        20.8002      20.8014        11278       176392           1
          187               20.8014        20.8918      20.8941        20974       176392           1
          188               20.8941        20.9845      20.9873        19852       176392           1
          189               20.9873        21.0778      21.0845        74100       176392           1
          190               21.0845        21.1749      21.1827        89036       176392           1
          191               21.1827        21.2731       21.281        87316       176392           1
          192                21.281        21.3714      21.3798        94966       176392           1
          193               21.3798        21.4703      21.4793        88848       176392           1
          194               21.4793        21.5698      21.5794       110198       176392           1
          195               21.5794        21.6699       21.676        65018       176392           1
          196                21.676        21.7664      21.7701        37536       176392           1
          197               21.7701        21.8606      21.8622        12188       176392           1
          198               21.8622        21.9526       21.955        26070       176392           1
          199                21.955        22.0455      22.0474        20856       176392           1
          200               22.0474        22.1379      22.1411        22958       176392           1
          201               22.1411        22.2316      22.2337        21922       176392           1
          202               22.2337        22.3241      22.3275        35856       176392           1
          203               22.3275         22.418      22.4213        29890       176392           1
          204               22.4213        22.5122      22.5146        23744       176392           1
          205               22.5146         22.605      22.6068        18206       176392           1
          206               22.6068        22.6972      22.7007        25584       176392           1
          207               22.7007        22.7912      22.7937        24192       176392           1
          208               22.7937        22.8841      22.8877        33970       176392           1
          209               22.8877        22.9781       22.981        31446       176392           1
          210                22.981        23.0714      23.0718         4310       176392           1
          211               23.0718        23.1622      23.1632        10046       176392           1
          212               23.1632        23.2537      23.2554        16976       176392           1
          213               23.2554        23.3459      23.3481        21824       176392           1
          214               23.3481        23.4386      23.4411        26016       176392           1
          215               23.4411        23.5316      23.5343        25736       176392           1
          216               23.5343        23.6248      23.6288        39942       176392           1
          217               23.6288        23.7192      23.7245        55574       176392           1
          218               23.7245         23.815      23.8153         2102       176392           1
          219               23.8153        23.9058      23.9075        11340       176392           1
