Segment_Index Rep_Level Decision_Point_Of_Time Case DelayCase
            0         0                2.10535    0         0
            1         6                2.48692    0         0
            2         6                 4.3157    0         0
            3         6                5.89252    0         0
            4         6                7.70663    0         0
            5         6                8.98091    0         0
            6         6                10.0803    0         0
            7         6                10.9353    0         0
            8         6                11.6247    0         0
            9         6                12.4702    0         0
           10         6                13.2619    0         0
           11         6                14.1315    0         0
           12         6                 15.009    0         0
           13         6                15.8683    0         0
           14         6                16.3688    0         0
           15         6                16.9439    0         0
           16         6                17.7796    0         0
           17         6                18.7015    0         0
           18         6                19.7263    0         0
           19         6                 21.018    0         0
           20         6                22.3048    0         0
           21         6                23.5624    0         0
           22         6                24.8979    0         0
           23         6                26.0033    0         0
           24         6                27.3944    0         0
           25         6                28.6387    0         0
           26         6                29.9365    0         0
           27         6                31.0322    0         0
           28         6                31.9965    0         0
           29         6                 32.963    0         0
           30         6                34.0453    0         0
           31         6                34.9366    0         0
           32         6                35.8261    0         0
           33         6                 36.788    0         0
           34         6                37.5468    0         0
           35         6                38.3253    0         0
           36         6                38.8807    0         0
           37         6                39.5419    0         0
           38         6                40.0363    0         0
           39         6                40.5442    0         0
           40         6                 41.039    0         0
           41         6                41.6505    0         0
