Segment_Index Download_Request_Sent Download_Start Download_End Segment_Size averageBitrate Download_OK
            0               2.10535        2.19638      2.48692         3128       176392           1
            1               2.48692        2.57735       4.3157      4558232  1.83613e+07           1
            2                4.3157        4.40615      5.89252      8464440  1.83613e+07           1
            3               5.89252        5.98301      7.70663      9880024  1.83613e+07           1
            4               7.70663        7.79702      8.98091      6815232  1.83613e+07           1
            5               8.98091        9.07131      10.0803      5800546  1.83613e+07           1
            6               10.0803        10.1707      10.9353      4410872  1.83613e+07           1
            7               10.9353        11.0257      11.6247      3556972  1.83613e+07           1
            8               11.6247        11.7151      12.4702      4325380  1.83613e+07           1
            9               12.4702        12.5607      13.2619      4136900  1.83613e+07           1
           10               13.2619        13.3523      14.1315      4561474  1.83613e+07           1
           11               14.1315         14.222       15.009      4558050  1.83613e+07           1
           12                15.009        15.0995      15.8683      4424170  1.83613e+07           1
           13               15.8683        15.9587      16.3688      2475356  1.83613e+07           1
           14               16.3688        16.4593      16.9439      2818674  1.83613e+07           1
           15               16.9439        17.0343      17.7796      4262348  1.83613e+07           1
           16               17.7796          17.87      18.7015      4745676  1.83613e+07           1
           17               18.7015        18.7919      19.7263      5371768  1.83613e+07           1
           18               19.7263        19.8168       21.018      6714188  1.83613e+07           1
           19                21.018        21.1083      22.3048      6834746  1.83613e+07           1
           20               22.3048        22.3952      23.5624      6777406  1.83613e+07           1
           21               23.5624        23.6529      24.8979      7169380  1.83613e+07           1
           22               24.8979        24.9884      26.0033      5829902  1.83613e+07           1
           23               26.0033        26.0937      27.3944      7445994  1.83613e+07           1
           24               27.3944        27.4849      28.6387      6680016  1.83613e+07           1
           25               28.6387         28.729      29.9365      6923654  1.83613e+07           1
           26               29.9365        30.0269      31.0322      5779600  1.83613e+07           1
           27               31.0322        31.1226      31.9965      5054764  1.83613e+07           1
           28               31.9965        32.0869       32.963      5091644  1.83613e+07           1
           29                32.963        33.0534      34.0453      5717128  1.83613e+07           1
           30               34.0453        34.1357      34.9366      4683302  1.83613e+07           1
           31               34.9366        35.0271      35.8261      4676456  1.83613e+07           1
           32               35.8261        35.9165       36.788      4947434  1.83613e+07           1
           33                36.788        36.8787      37.5468      3823108  1.83613e+07           1
           34               37.5468        37.6372      38.3253      4021130  1.83613e+07           1
           35               38.3253        38.4158      38.8807      2672626  1.83613e+07           1
           36               38.8807        38.9711      39.5419      3294710  1.83613e+07           1
           37               39.5419        39.6324      40.0363      2371476  1.83613e+07           1
           38               40.0363        40.1268      40.5442      2483134  1.83613e+07           1
           39               40.5442        40.6346       41.039      2402176  1.83613e+07           1
           40                41.039        41.1295      41.6505      3073966  1.83613e+07           1
