Segment_Index Playback_Start Quality_Level
            0        2.48692             0
            1        4.48692             6
            2        6.48692             6
            3        8.48692             6
            4        10.4869             6
            5        12.4869             6
            6        14.4869             6
            7        16.4869             6
            8        18.4869             6
            9        20.4869             6
           10        22.4869             6
           11        24.4869             6
           12        26.4869             6
           13        28.4869             6
           14        30.4869             6
           15        32.4869             6
           16        34.4869             6
           17        36.4869             6
           18        38.4869             6
           19        40.4869             6
