Segment_Index Download_Request_Sent Download_Start Download_End Segment_Size averageBitrate Download_OK
            0               2.10535        2.19638      2.48692         3128       176392           1
            1               2.48692        2.57734      2.94338        44788       176392           1
            2               2.94338        3.03387      3.21787        83412       176392           1
            3               3.21787         3.3083       3.4022        92274       176392           1
            4                3.4022        3.49274      3.49809        56210       176392           1
            5               3.49809        3.58853      3.59379        56494       176392           1
            6               3.59379        3.68426       3.6891        43658       176392           1
            7                3.6891        3.77958      3.78299        32596       176392           1
            8               3.78299        3.87338      3.87721        41642       176392           1
            9               3.87721        3.96762      3.97097        33180       176392           1
           10               3.97097        4.06146      4.06515        38444       176392           1
           11               4.06515        4.15557      4.16214        67382       347920           1
           12               4.16214        4.25263       4.2582        62090       347920           1
           13                4.2582        4.34872      4.35307        42838       347920           1
           14               4.35307        4.44349      4.44817        51568       347920           1
           15               4.44817        4.53859       4.5471        85324       347920           1
           16                4.5471        4.63751      4.64499        82874       347920           1
           17               4.64499        4.73543      4.74478        94430       347920           1
           18               4.74478        4.83529      4.86015       275916       901744           1
           19               4.86015        4.95059      5.05002       574158  1.87586e+06           1
           20               5.05002        5.14051      5.24698       634288  1.87586e+06           1
           21               5.24698         5.3375      5.47485       986196  1.87586e+06           1
           22               5.47485         5.5653      5.69075       796780  1.87586e+06           1
           23               5.69075        5.78128      5.90134       776022  1.87586e+06           1
           24               5.90134        5.99182      6.09973       649422  1.87586e+06           1
           25               6.09973        6.19024      6.29458       632654  1.87586e+06           1
           26               6.29458        6.38505      6.48902       610536  1.87586e+06           1
           27               6.48902         6.5796      6.67959       594824  1.87586e+06           1
           28               6.67959        6.77007      6.86397       540494  1.87586e+06           1
           29               6.86397        6.95447      7.05204       543780  1.87586e+06           1
           30               7.05204        7.14244      7.44374      1703198  7.56482e+06           1
           31               7.44374        7.53417      7.85489      1954122  7.56482e+06           1
           32               7.85489        7.94535      8.32643      2221892  7.56482e+06           1
